169 3

95 5 1 6 57 44 21 76 61 73 50 92 72 30 66 83 65 1 54 49 86 16 60 32 25 26 38 28 74 50 15 74 96 68 19 28 42 49 26 99 80 85 18 62 79 30 51 72 71 39 69 81 72 12 52 11 79 80 7 88 91 75 96 95 33 91 28 61 1 32 32 89 54 10 90 50 63 67 78 87 97 92 12 52 87 45 12 66 86 84 55 72 29 29 32 98 4 28 83 99 4 36 55 82 80 54 8 28 13 97 21 34 63 93 46 47 56 65 26 30 38 10 19 36 79 49 48 52 45 56 36 25 39 26 52 64 42 68 43 52 81 45 62 24 96 17 26 52 89 9 78 3 21 87 37 58 37 80 13 14 85 96 35 68 19 77 32 100 18
0: 1 13
1: 0 2 14
2: 1 3 15
3: 2 4
4: 3 5 17
5: 4 6
6: 5 7 19
7: 6
8: 21
9: 10
10: 9 23
11: 24
12: 25
13: 0
14: 1 27
15: 2
16: 17
17: 4 16 18 30
18: 17
19: 6 20
20: 19 21
21: 8 20 22 34
22: 21 23
23: 10 22 24
24: 11 23 25 37
25: 12 24 38
26: 27 39
27: 14 26 28
28: 27
29: 30 42
30: 17 29 31 43
31: 30
32: 45
33: 34
34: 21 33 35 47
35: 34 36 48
36: 35 49
37: 24
38: 25 51
39: 26
40: 53
41: 42
42: 29 41 55
43: 30
44: 45
45: 32 44 46 58
46: 45
47: 34
48: 35 61
49: 36 50 62
50: 49
51: 38 64
52: 53
53: 40 52 54 66
54: 53 55
55: 42 54 56 68
56: 55
57: 58 70
58: 45 57 59 71
59: 58
60: 73
61: 48
62: 49 75
63: 64
64: 51 63 77
65: 66
66: 53 65 79
67: 68
68: 55 67 69 81
69: 68 70 82
70: 57 69
71: 58
72: 73
73: 60 72 74 86
74: 73
75: 62 76
76: 75
77: 64 90
78: 91
79: 66 92
80: 93
81: 68
82: 69 83
83: 82 96
84: 85 97
85: 84 86
86: 73 85 87
87: 86 100
88: 101
89: 90
90: 77 89 103
91: 78 92
92: 79 91
93: 80 106
94: 107
95: 96 108
96: 83 95 97 109
97: 84 96 98 110
98: 97
99: 100
100: 87 99 101 113
101: 88 100 102 114
102: 101
103: 90
104: 105
105: 104 106 118
106: 93 105 107 119
107: 94 106 108
108: 95 107 121
109: 96
110: 97 111
111: 110 112 124
112: 111
113: 100 126
114: 101
115: 116 128
116: 115
117: 118
118: 105 117 131
119: 106
120: 121 133
121: 108 120 122 134
122: 121 123 135
123: 122 136
124: 111
125: 138
126: 113
127: 128
128: 115 127 129 141
129: 128
130: 131 143
131: 118 130
132: 145
133: 120
134: 121
135: 122
136: 123 137 149
137: 136
138: 125 151
139: 152
140: 141
141: 128 140 142 154
142: 141
143: 130 144 156
144: 143 145
145: 132 144 158
146: 147 159
147: 146
148: 149
149: 136 148 150 162
150: 149 151
151: 138 150 152 164
152: 139 151 153
153: 152 154 166
154: 141 153
155: 168
156: 143
157: 158
158: 145 157 159
159: 146 158 160
160: 159
161: 162
162: 149 161
163: 164
164: 151 163 165
165: 164
166: 153 167
167: 166 168
168: 155 167