169 3

443 288 137 233 69 402 429 190 64 391 224 429 263 214 395 284 160 179 92 97 208 497 1 367 492 172 441 425 80 245 185 284 482 257 365 362 270 445 163 243 231 260 279 53 435 231 271 284 301 230 427 449 196 491 136 174 37 407 361 455 131 496 414 451 353 185 465 337 83 50 478 301 247 75 465 265 428 293 198 156 445 44 145 216 180 394 366 44 368 177 149 334 217 14 333 204 94 284 184 163 445 132 219 197 158 143 279 151 268 371 452 260 395 485 376 43 410 396 129 275 113 413 232 391 335 318 368 459 87 442 181 122 364 314 263 133 288 91 8 320 311 165 486 154 152 110 301 357 415 414 195 238 431 359 24 487 364 129 422 41 16 182 99 484 383 173 396 136 130
0: 13
1: 2
2: 1 3 15
3: 2 4 16
4: 3 5 17
5: 4 18
6: 7 19
7: 6 8
8: 7 9
9: 8 10 22
10: 9 11
11: 10 12
12: 11 25
13: 0 14 26
14: 13
15: 2 28
16: 3
17: 4
18: 5 19 31
19: 6 18 20 32
20: 19 33
21: 22
22: 9 21 23 35
23: 22
24: 25
25: 12 24 38
26: 13 39
27: 28 40
28: 15 27 29 41
29: 28
30: 43
31: 18
32: 19 45
33: 20 34
34: 33
35: 22
36: 49
37: 38
38: 25 37 51
39: 26 52
40: 27
41: 28 54
42: 43
43: 30 42 44 56
44: 43
45: 32 46 58
46: 45
47: 60
48: 49
49: 36 48 50 62
50: 49
51: 38
52: 39 65
53: 54
54: 41 53 55
55: 54 56
56: 43 55 57 69
57: 56
58: 45
59: 60
60: 47 59 61 73
61: 60
62: 49 75
63: 64
64: 63 77
65: 52 66
66: 65 79
67: 68
68: 67 69 81
69: 56 68 70
70: 69
71: 84
72: 73
73: 60 72 74
74: 73 75 87
75: 62 74
76: 89
77: 64 90
78: 79
79: 66 78 80
80: 79 81 93
81: 68 80 82
82: 81 83
83: 82 84 96
84: 71 83 85
85: 84 98
86: 87 99
87: 74 86 88 100
88: 87 89 101
89: 76 88 90
90: 77 89 103
91: 104
92: 93 105
93: 80 92 94 106
94: 93
95: 96
96: 83 95 97 109
97: 96
98: 85 99 111
99: 86 98 112
100: 87
101: 88 102
102: 101 115
103: 90
104: 91 105
105: 92 104 118
106: 93
107: 108 120
108: 107
109: 96
110: 111
111: 98 110
112: 99
113: 126
114: 115
115: 102 114 116 128
116: 115
117: 118
118: 105 117 119 131
119: 118 120
120: 107 119 121 133
121: 120
122: 123 135
123: 122
124: 137
125: 126 138
126: 113 125
127: 128
128: 115 127 129 141
129: 128
130: 131
131: 118 130 132
132: 131 145
133: 120
134: 135
135: 122 134 136 148
136: 135 137
137: 124 136 138 150
138: 125 137 139 151
139: 138
140: 141
141: 128 140 142 154
142: 141
143: 144
144: 143 145 157
145: 132 144 146
146: 145 159
147: 160
148: 135 161
149: 162
150: 137
151: 138
152: 165
153: 154
154: 141 153 155 167
155: 154 168
156: 157
157: 144 156
158: 159
159: 146 158 160
160: 147 159 161
161: 148 160 162
162: 149 161 163
163: 162
164: 165
165: 152 164 166
166: 165 167
167: 154 166
168: 155