169 2

150 148 269 450 291 387 28 149 233 462 439 363 455 102 189 396 6 321 469 458 222 445 172 244 471 206 441 356 334 416 212 458 121 101 460 462 312 352 421 80 78 48 175 192 291 239 201 329 436 119 42 475 385 85 293 113 104 184 430 269 54 14 451 457 420 272 398 9 70 360 247 105 74 32 494 465 70 266 9 145 144 433 335 336 413 353 115 193 176 70 305 38 347 258 104 278 431 140 398 300 242 482 95 168 202 138 19 428 399 390 242 229 85 73 111 25 494 229 382 300 102 260 103 155 366 58 222 328 459 99 282 190 119 430 169 450 316 28 469 3 159 215 447 96 262 459 405 388 281 53 170 301 350 191 192 30 424 462 383 124 10 352 238 420 84 426 287 279 345
0: 1 13
1: 0 2
2: 1
3: 4 16
4: 3
5: 6
6: 5 7 19
7: 6 8
8: 7
9: 22
10: 11 23
11: 10
12: 25
13: 0 14 26
14: 13
15: 16
16: 3 15 17 29
17: 16 18
18: 17
19: 6 32
20: 21 33
21: 20 22
22: 9 21 23 35
23: 10 22 24
24: 23 25
25: 12 24 38
26: 13 39
27: 40
28: 41
29: 16 42
30: 43
31: 32
32: 19 31 33 45
33: 20 32 34 46
34: 33
35: 22
36: 49
37: 50
38: 25
39: 26 40 52
40: 27 39 41 53
41: 28 40 42 54
42: 29 41
43: 30 56
44: 57
45: 32
46: 33 47
47: 46 60
48: 61
49: 36 50
50: 37 49 51 63
51: 50
52: 39
53: 40
54: 41 67
55: 56 68
56: 43 55 57
57: 44 56
58: 71
59: 60
60: 47 59 61 73
61: 48 60 62 74
62: 61
63: 50 76
64: 77
65: 78
66: 67
67: 54 66 68 80
68: 55 67 69 81
69: 68
70: 71 83
71: 58 70 72 84
72: 71 73 85
73: 60 72 86
74: 61
75: 76
76: 63 75 77 89
77: 64 76
78: 65 79 91
79: 78
80: 67
81: 68 94
82: 95
83: 70
84: 71 97
85: 72
86: 73 87 99
87: 86
88: 89
89: 76 88 90 102
90: 89
91: 78 92 104
92: 91 105
93: 94 106
94: 81 93 95
95: 82 94
96: 97
97: 84 96 98 110
98: 97
99: 86 112
100: 113
101: 102
102: 89 101 103 115
103: 102
104: 91 117
105: 92 106 118
106: 93 105 107 119
107: 106 120
108: 121
109: 122
110: 97 123
111: 112
112: 99 111 113 125
113: 100 112 114
114: 113 115 127
115: 102 114 116 128
116: 115 129
117: 104
118: 105
119: 106 132
120: 107 121 133
121: 108 120 122 134
122: 109 121 123 135
123: 110 122
124: 125 137
125: 112 124
126: 139
127: 114
128: 115
129: 116 142
130: 131 143
131: 130 132
132: 119 131 145
133: 120
134: 121 147
135: 122
136: 137 149
137: 124 136 138 150
138: 137 139
139: 126 138 140 152
140: 139 141 153
141: 140
142: 129 155
143: 130 144 156
144: 143 157
145: 132
146: 159
147: 134 160
148: 149
149: 136 148 162
150: 137 151
151: 150 164
152: 139
153: 140 166
154: 155 167
155: 142 154 168
156: 143
157: 144
158: 159
159: 146 158 160
160: 147 159 161
161: 160
162: 149
163: 164
164: 151 163 165
165: 164
166: 153
167: 154
168: 155