169 3

325 138 190 288 338 277 243 12 387 370 309 144 199 373 137 85 35 472 375 102 115 15 394 247 213 321 94 192 442 34 11 314 194 119 118 27 152 478 215 319 328 482 349 459 476 378 367 265 211 252 383 384 129 326 430 382 475 47 60 475 283 61 350 249 67 258 41 222 338 150 38 315 172 223 340 381 376 318 82 469 227 320 120 293 105 200 20 167 253 183 50 271 441 58 68 349 358 366 6 397 105 352 56 38 95 494 6 11 51 234 382 113 22 283 462 178 149 50 391 177 407 269 497 203 297 110 113 42 356 212 62 170 112 123 258 61 373 58 297 196 277 328 8 88 343 6 104 223 492 456 262 493 9 32 35 107 151 352 408 129 292 165 335 192 375 399 261 104 380
0: 1
1: 0 14
2: 15
3: 16
4: 5
5: 4 6
6: 5 7 19
7: 6 8 20
8: 7 21
9: 10
10: 9 11
11: 10 12 24
12: 11 25
13: 14 26
14: 1 13 15
15: 2 14 16
16: 3 15 29
17: 30
18: 19
19: 6 18 32
20: 7 33
21: 8 22 34
22: 21 35
23: 24 36
24: 11 23
25: 12 38
26: 13 27 39
27: 26 40
28: 29
29: 16 28 30 42
30: 17 29 31 43
31: 30
32: 19
33: 20 46
34: 21 47
35: 22 36 48
36: 23 35 37 49
37: 36
38: 25
39: 26 52
40: 27 41
41: 40
42: 29
43: 30
44: 57
45: 58
46: 33
47: 34
48: 35 61
49: 36
50: 63
51: 64
52: 39 53
53: 52 66
54: 67
55: 68
56: 57
57: 44 56 58 70
58: 45 57 59
59: 58 72
60: 61
61: 48 60 62 74
62: 61
63: 50 64
64: 51 63 77
65: 66 78
66: 53 65 67 79
67: 54 66
68: 55 69
69: 68 70 82
70: 57 69 71 83
71: 70 84
72: 59
73: 86
74: 61 87
75: 88
76: 89
77: 64 90
78: 65 91
79: 66
80: 93
81: 82 94
82: 69 81
83: 70
84: 71 85
85: 84 86 98
86: 73 85 87
87: 74 86 88 100
88: 75 87
89: 76 90
90: 77 89 103
91: 78 104
92: 93
93: 80 92 106
94: 81 107
95: 108
96: 109
97: 98
98: 85 97 99 111
99: 98 112
100: 87 101
101: 100 102
102: 101 103 115
103: 90 102 116
104: 91 105 117
105: 104 106
106: 93 105 107 119
107: 94 106 108 120
108: 95 107 109 121
109: 96 108
110: 111 123
111: 98 110
112: 99 113 125
113: 112
114: 127
115: 102
116: 103
117: 104 118 130
118: 117
119: 106
120: 107
121: 108
122: 135
123: 110
124: 125 137
125: 112 124 126
126: 125 127
127: 114 126 128 140
128: 127
129: 142
130: 117 131 143
131: 130
132: 145
133: 146
134: 135
135: 122 134 136 148
136: 135 137
137: 124 136 138 150
138: 137
139: 152
140: 127 153
141: 142 154
142: 129 141 155
143: 130 144 156
144: 143 145
145: 132 144 146 158
146: 133 145 147 159
147: 146
148: 135 161
149: 150
150: 137 149 163
151: 152
152: 139 151 153 165
153: 140 152 154 166
154: 141 153 167
155: 142
156: 143 157
157: 156
158: 145
159: 146 160
160: 159
161: 148 162
162: 161
163: 150 164
164: 163
165: 152
166: 153
167: 154 168
168: 167