169 3

96 50 25 78 77 65 71 69 12 12 73 43 12 61 17 61 31 61 19 3 56 12 56 36 38 9 8 64 48 25 23 74 9 66 64 69 64 40 85 78 56 54 96 25 83 14 34 37 73 67 76 84 52 78 63 100 89 24 83 76 10 45 90 24 15 49 61 23 63 79 57 64 74 38 2 17 51 88 37 47 26 74 57 84 91 92 79 44 33 94 14 61 29 41 6 2 86 71 21 38 95 19 33 53 58 59 75 91 22 61 27 32 72 55 77 90 84 10 14 17 78 58 75 51 21 82 73 5 6 90 24 57 32 66 27 77 75 44 84 10 92 70 38 8 30 93 24 68 49 5 21 68 59 91 21 43 78 43 55 37 93 83 98 70 40 82 63 6 34
0: 1
1: 0 2 14
2: 1 3
3: 2 16
4: 17
5: 18
6: 19
7: 8
8: 7 9 21
9: 8 10 22
10: 9 23
11: 12
12: 11 25
13: 14 26
14: 1 13 15
15: 14
16: 3 29
17: 4 18 30
18: 5 17 19
19: 6 18 20 32
20: 19 21
21: 8 20 34
22: 9 35
23: 10 24 36
24: 23 25 37
25: 12 24 38
26: 13 27 39
27: 26
28: 29 41
29: 16 28 30 42
30: 17 29 43
31: 32
32: 19 31 33 45
33: 32
34: 21
35: 22
36: 23 49
37: 24
38: 25
39: 26
40: 41
41: 28 40
42: 29
43: 30
44: 45 57
45: 32 44 46 58
46: 45 47
47: 46 48 60
48: 47
49: 36
50: 63
51: 64
52: 53 65
53: 52
54: 55 67
55: 54
56: 57
57: 44 56 70
58: 45
59: 60
60: 47 59 61
61: 60 74
62: 63 75
63: 50 62 64
64: 51 63 77
65: 52 78
66: 67
67: 54 66 68 80
68: 67
69: 70
70: 57 69 71 83
71: 70 84
72: 73
73: 72 74 86
74: 61 73 75 87
75: 62 74 76 88
76: 75
77: 64 90
78: 65 79
79: 78 80 92
80: 67 79 81
81: 80 94
82: 95
83: 70
84: 71
85: 98
86: 73 99
87: 74
88: 75 101
89: 90
90: 77 89 103
91: 92
92: 79 91 105
93: 94
94: 81 93 95 107
95: 82 94 96 108
96: 95
97: 98 110
98: 85 97 99 111
99: 86 98
100: 101 113
101: 88 100 102 114
102: 101
103: 90 116
104: 117
105: 92 118
106: 119
107: 94
108: 95 109 121
109: 108 110
110: 97 109
111: 98 112 124
112: 111
113: 100
114: 101 127
115: 128
116: 103
117: 104 118 130
118: 105 117 119 131
119: 106 118 120 132
120: 119
121: 108 134
122: 123
123: 122 124
124: 111 123 125 137
125: 124
126: 127 139
127: 114 126 128 140
128: 115 127 129 141
129: 128 142
130: 117 143
131: 118
132: 119
133: 134 146
134: 121 133 135
135: 134
136: 149
137: 124 150
138: 139
139: 126 138 152
140: 127
141: 128 154
142: 129
143: 130 144 156
144: 143 157
145: 146
146: 133 145 147 159
147: 146
148: 149 161
149: 136 148 150 162
150: 137 149 151 163
151: 150 164
152: 139
153: 154
154: 141 153 155 167
155: 154
156: 143
157: 144
158: 159
159: 146 158 160
160: 159
161: 148
162: 149
163: 150
164: 151 165
165: 164
166: 167
167: 154 166 168
168: 167