169 5

58 22 23 76 25 25 9 17 54 98 26 17 78 8 64 66 87 56 25 27 47 100 86 91 38 74 60 77 64 51 55 3 92 61 28 80 49 68 46 53 17 20 63 30 24 86 68 41 48 75 58 73 82 31 45 76 59 48 29 13 24 10 44 39 18 94 59 43 93 59 40 88 7 89 55 67 24 62 72 92 49 93 50 34 71 2 39 48 69 64 100 85 5 52 4 2 62 99 58 80 29 12 36 36 65 45 50 41 65 28 6 54 46 65 52 93 53 77 85 54 93 91 79 35 64 20 88 18 40 47 88 83 1 88 33 70 41 34 84 35 3 1 17 94 50 69 91 38 63 64 77 70 6 58 31 14 48 83 74 74 19 33 67 69 37 8 97 78 62
0: 1 13
1: 0 2
2: 1 3 15
3: 2 4
4: 3 5 17
5: 4 6 18
6: 5 7 19
7: 6 8 20
8: 7
9: 10
10: 9 11 23
11: 10 12 24
12: 11
13: 0 14 26
14: 13
15: 2
16: 29
17: 4
18: 5 31
19: 6
20: 7
21: 34
22: 35
23: 10 36
24: 11 25 37
25: 24 38
26: 13
27: 40
28: 29 41
29: 16 28
30: 31
31: 18 30 32 44
32: 31
33: 34
34: 21 33 35 47
35: 22 34
36: 23
37: 24
38: 25 51
39: 40
40: 27 39 41 53
41: 28 40 42 54
42: 41 43
43: 42 44 56
44: 31 43 45 57
45: 44 58
46: 59
47: 34 60
48: 61
49: 62
50: 63
51: 38 64
52: 53
53: 40 52 66
54: 41 55 67
55: 54
56: 43
57: 44
58: 45 59
59: 46 58 60 72
60: 47 59 61
61: 48 60 62 74
62: 49 61
63: 50 64 76
64: 51 63 77
65: 66 78
66: 53 65
67: 54 68 80
68: 67
69: 70
70: 69 83
71: 72
72: 59 71 73 85
73: 72
74: 61
75: 76
76: 63 75 89
77: 64
78: 65
79: 92
80: 67
81: 94
82: 83 95
83: 70 82 84
84: 83 85
85: 72 84 86 98
86: 85
87: 100
88: 101
89: 76 102
90: 103
91: 92
92: 79 91 93 105
93: 92 94
94: 81 93 95 107
95: 82 94 96 108
96: 95 109
97: 110
98: 85
99: 100
100: 87 99 101 113
101: 88 100 102 114
102: 89 101 103 115
103: 90 102 116
104: 105 117
105: 92 104 118
106: 107
107: 94 106 120
108: 95
109: 96 110 122
110: 97 109 111 123
111: 110
112: 125
113: 100
114: 101 127
115: 102
116: 103
117: 104 130
118: 105
119: 132
120: 107
121: 134
122: 109
123: 110 124
124: 123 125 137
125: 112 124 126 138
126: 125 127
127: 114 126 140
128: 141
129: 142
130: 117
131: 132 144
132: 119 131 133 145
133: 132 134
134: 121 133 135 147
135: 134 136
136: 135 137 149
137: 124 136 150
138: 125
139: 140 152
140: 127 139 141 153
141: 128 140 142 154
142: 129 141 155
143: 144 156
144: 131 143
145: 132 158
146: 147
147: 134 146 160
148: 161
149: 136
150: 137
151: 152
152: 139 151 165
153: 140
154: 141 167
155: 142 168
156: 143 157
157: 156
158: 145
159: 160
160: 147 159 161
161: 148 160 162
162: 161
163: 164
164: 163 165
165: 152 164 166
166: 165
167: 154
168: 155