169 5

26 60 99 3 32 29 7 35 62 79 25 65 88 59 30 75 6 15 22 74 69 75 66 78 30 87 5 89 48 18 13 15 79 66 23 72 21 45 25 7 62 96 31 80 79 89 60 10 36 14 15 29 36 90 18 34 73 67 35 25 74 99 58 43 76 56 84 89 60 73 92 56 61 24 48 95 60 36 76 8 78 68 3 90 1 62 63 57 55 60 74 17 47 80 27 6 85 59 74 98 35 87 77 58 47 90 43 99 14 57 97 17 41 7 87 52 34 12 22 16 89 46 36 47 9 90 68 41 55 85 72 34 16 12 89 93 15 50 18 86 94 27 51 4 29 92 58 27 76 23 22 83 79 1 33 68 30 35 87 45 13 19 18 76 72 8 57 82 13
0: 1 13
1: 0 14
2: 3
3: 2 4 16
4: 3
5: 6 18
6: 5 7 19
7: 6 8 20
8: 7
9: 10 22
10: 9 11 23
11: 10 12 24
12: 11
13: 0 26
14: 1 15
15: 14 16
16: 3 15 17 29
17: 16 18 30
18: 5 17
19: 6
20: 7
21: 34
22: 9
23: 10 36
24: 11
25: 38
26: 13 27 39
27: 26
28: 29
29: 16 28 42
30: 17 31 43
31: 30 32 44
32: 31
33: 34
34: 21 33 47
35: 36
36: 23 35 49
37: 38 50
38: 25 37
39: 26 40 52
40: 39
41: 42 54
42: 29 41
43: 30
44: 31
45: 58
46: 47 59
47: 34 46 48 60
48: 47 49 61
49: 36 48 50 62
50: 37 49 51 63
51: 50 64
52: 39 65
53: 54
54: 41 53 55 67
55: 54 56 68
56: 55
57: 58
58: 45 57 59 71
59: 46 58
60: 47 73
61: 48
62: 49
63: 50
64: 51 77
65: 52 66
66: 65 79
67: 54
68: 55
69: 82
70: 71
71: 58 70 84
72: 73
73: 60 72 74 86
74: 73 75
75: 74 88
76: 77
77: 64 76 90
78: 79 91
79: 66 78 80 92
80: 79
81: 82
82: 69 81 83 95
83: 82 84
84: 71 83 85 97
85: 84
86: 73
87: 100
88: 75 89
89: 88
90: 77
91: 78 104
92: 79
93: 94
94: 93 95
95: 82 94 96 108
96: 95
97: 84
98: 111
99: 100
100: 87 99 101 113
101: 100
102: 115
103: 116
104: 91 117
105: 118
106: 119
107: 108
108: 95 107 109 121
109: 108 122
110: 111
111: 98 110 112 124
112: 111 113
113: 100 112 114 126
114: 113 127
115: 102 116
116: 103 115 129
117: 104 118 130
118: 105 117 119
119: 106 118 120
120: 119 133
121: 108
122: 109 123
123: 122 124 136
124: 111 123 125 137
125: 124 138
126: 113
127: 114 128
128: 127 141
129: 116 142
130: 117 143
131: 132
132: 131 133 145
133: 120 132 134 146
134: 133 147
135: 136
136: 123 135 149
137: 124 150
138: 125 139 151
139: 138
140: 141 153
141: 128 140 142
142: 129 141
143: 130 144 156
144: 143 157
145: 132
146: 133
147: 134 160
148: 161
149: 136 162
150: 137
151: 138
152: 153 165
153: 140 152 154 166
154: 153 155
155: 154 168
156: 143
157: 144 158
158: 157
159: 160
160: 147 159 161
161: 148 160 162
162: 149 161 163
163: 162
164: 165
165: 152 164
166: 153
167: 168
168: 155 167