169 3

118 276 345 370 172 256 430 226 111 409 1 438 69 462 312 426 421 105 310 445 336 409 110 449 336 472 306 379 197 159 170 350 71 364 425 118 58 11 195 279 322 374 35 185 333 252 84 254 370 490 357 91 215 24 96 124 415 276 227 254 478 347 119 433 23 314 321 133 14 166 431 220 193 456 411 442 156 43 463 151 469 278 111 487 40 497 115 153 141 335 86 249 207 383 57 57 240 45 253 204 464 6 320 419 388 280 58 136 372 223 92 7 225 433 58 419 387 403 318 498 462 36 131 190 5 53 116 369 88 116 311 98 204 251 491 383 165 132 306 13 148 276 243 20 292 198 112 468 364 11 49 253 433 363 476 162 420 398 263 412 55 252 68 80 406 214 368 331 188
0: 1 13
1: 0 2 14
2: 1
3: 4
4: 3 5 17
5: 4
6: 7
7: 6 8 20
8: 7 9
9: 8 10 22
10: 9 11 23
11: 10 12
12: 11 25
13: 0 26
14: 1
15: 28
16: 17 29
17: 4 16 18 30
18: 17
19: 32
20: 7
21: 22
22: 9 21
23: 10 36
24: 37
25: 12
26: 13 39
27: 28
28: 15 27 29
29: 16 28 42
30: 17 31
31: 30 32
32: 19 31 33 45
33: 32 46
34: 35
35: 34 36 48
36: 23 35 37 49
37: 24 36 38 50
38: 37 51
39: 26 52
40: 53
41: 42 54
42: 29 41 43 55
43: 42 44
44: 43
45: 32
46: 33 47 59
47: 46 60
48: 35
49: 36 62
50: 37
51: 38 64
52: 39 53 65
53: 40 52 54 66
54: 41 53
55: 42 56 68
56: 55
57: 58
58: 57 71
59: 46 72
60: 47
61: 62
62: 49 61 75
63: 64
64: 51 63 77
65: 52
66: 53 79
67: 68 80
68: 55 67 69 81
69: 68 70
70: 69
71: 58 84
72: 59
73: 86
74: 87
75: 62 88
76: 77
77: 64 76 90
78: 79
79: 66 78 92
80: 67
81: 68 94
82: 95
83: 84
84: 71 83 85 97
85: 84 86
86: 73 85 87 99
87: 74 86
88: 75 101
89: 90
90: 77 89 103
91: 92 104
92: 79 91
93: 94 106
94: 81 93 95 107
95: 82 94 96 108
96: 95 97
97: 84 96 98
98: 97 111
99: 86
100: 101
101: 88 100 102 114
102: 101
103: 90
104: 91
105: 106
106: 93 105 119
107: 94
108: 95 121
109: 110
110: 109 111
111: 98 110 112 124
112: 111
113: 114 126
114: 101 113 115 127
115: 114 128
116: 129
117: 130
118: 131
119: 106
120: 121
121: 108 120 122 134
122: 121 135
123: 124
124: 111 123 125 137
125: 124 126
126: 113 125 139
127: 114
128: 115 129 141
129: 116 128 142
130: 117 131 143
131: 118 130 132
132: 131 145
133: 146
134: 121
135: 122
136: 149
137: 124 150
138: 139
139: 126 138 140 152
140: 139 153
141: 128
142: 129 155
143: 130 144 156
144: 143
145: 132 146 158
146: 133 145 147
147: 146 160
148: 149
149: 136 148 150 162
150: 137 149 151 163
151: 150
152: 139 165
153: 140
154: 155
155: 142 154 168
156: 143
157: 158
158: 145 157
159: 160
160: 147 159 161
161: 160 162
162: 149 161
163: 150 164
164: 163
165: 152 166
166: 165
167: 168
168: 155 167