144 5

50 74 1 81 49 99 66 80 52 23 31 40 96 89 60 34 7 96 43 50 67 30 1 72 84 94 78 32 64 74 33 65 22 2 3 87 70 67 14 95 57 6 69 61 23 24 55 69 19 5 87 64 77 94 3 38 65 21 45 25 40 38 27 21 29 49 16 43 47 57 19 80 9 18 20 20 16 22 40 67 48 28 23 70 90 17 34 19 20 14 51 3 58 87 4 18 10 44 82 5 19 56 30 36 51 11 74 72 37 54 61 30 46 61 36 78 86 9 9 17 60 51 52 60 12 8 68 26 50 92 92 76 28 37 13 17 41 20 40 26 62 73 77 56
0: 1 12
1: 0 2
2: 1 3 14
3: 2 15
4: 5 16
5: 4
6: 18
7: 19
8: 9
9: 8 10
10: 9 11 22
11: 10
12: 0
13: 14
14: 2 13
15: 3 16 27
16: 4 15 17 28
17: 16
18: 6 19 30
19: 7 18
20: 32
21: 22 33
22: 10 21 23 34
23: 22
24: 36
25: 37
26: 27 38
27: 15 26
28: 16
29: 30 41
30: 18 29 31
31: 30 32
32: 20 31 33 44
33: 21 32 45
34: 22 35 46
35: 34
36: 24 48
37: 25 38 49
38: 26 37 39
39: 38
40: 41
41: 29 40 42
42: 41 54
43: 44
44: 32 43
45: 33 57
46: 34
47: 59
48: 36 49
49: 37 48 50 61
50: 49
51: 63
52: 64
53: 54
54: 42 53 55 66
55: 54
56: 57
57: 45 56 58
58: 57 59 70
59: 47 58
60: 72
61: 49 73
62: 74
63: 51 75
64: 52 76
65: 66 77
66: 54 65 67 78
67: 66 68
68: 67
69: 70
70: 58 69 71 82
71: 70
72: 60 73 84
73: 61 72 74 85
74: 62 73
75: 63 76 87
76: 64 75 77
77: 65 76 89
78: 66
79: 91
80: 81
81: 80 82
82: 70 81 94
83: 95
84: 72 96
85: 73 86
86: 85 87
87: 75 86 99
88: 89
89: 77 88 90 101
90: 89 91 102
91: 79 90 92 103
92: 91
93: 94
94: 82 93 95 106
95: 83 94
96: 84 97 108
97: 96
98: 99
99: 87 98 100 111
100: 99 112
101: 89
102: 90 114
103: 91
104: 105
105: 104 117
106: 94 118
107: 119
108: 96 109
109: 108
110: 111
111: 99 110
112: 100 124
113: 125
114: 102
115: 127
116: 117
117: 105 116 118 129
118: 106 117 119 130
119: 107 118 131
120: 132
121: 133
122: 134
123: 124 135
124: 112 123 125 136
125: 113 124 126 137
126: 125 127
127: 115 126 128 139
128: 127
129: 117
130: 118
131: 119 143
132: 120 133
133: 121 132 134
134: 122 133 135
135: 123 134
136: 124
137: 125 138
138: 137
139: 127 140
140: 139 141
141: 140
142: 143
143: 131 142