144 5

81 115 353 287 276 246 455 271 39 341 210 152 411 38 453 135 200 46 164 346 141 167 177 74 351 62 261 456 8 139 117 205 443 38 348 409 403 204 280 377 122 398 323 351 134 278 5 211 188 305 192 189 130 132 244 258 362 68 271 101 319 112 165 453 53 445 338 222 408 36 256 357 201 232 426 244 51 356 105 319 35 269 178 72 337 265 353 475 138 93 108 246 2 198 293 490 244 240 500 434 133 442 318 321 216 49 397 161 261 185 170 122 305 212 448 426 196 88 197 285 331 287 40 119 280 31 271 128 194 400 496 361 78 94 73 417 68 22 214 273 421 57 43 6
0: 1
1: 0 2 13
2: 1
3: 15
4: 16
5: 17
6: 18
7: 8
8: 7 9 20
9: 8
10: 11
11: 10 23
12: 13
13: 1 12 14 25
14: 13 15
15: 3 14 16
16: 4 15 17 28
17: 5 16 18
18: 6 17 30
19: 20
20: 8 19 21
21: 20 22 33
22: 21 23
23: 11 22 35
24: 25
25: 13 24 26 37
26: 25
27: 28
28: 16 27 29 40
29: 28
30: 18 31 42
31: 30
32: 33 44
33: 21 32 34
34: 33 46
35: 23
36: 48
37: 25
38: 50
39: 40
40: 28 39 41 52
41: 40
42: 30
43: 44
44: 32 43
45: 46 57
46: 34 45 47 58
47: 46 59
48: 36 49
49: 48 61
50: 38 62
51: 52
52: 40 51 53 64
53: 52 54
54: 53
55: 67
56: 57
57: 45 56 69
58: 46
59: 47 71
60: 61 72
61: 49 60 62 73
62: 50 61 63 74
63: 62 64
64: 52 63 65 76
65: 64
66: 67 78
67: 55 66
68: 69 80
69: 57 68 70
70: 69
71: 59 83
72: 60 84
73: 61 85
74: 62
75: 76
76: 64 75 77 88
77: 76 78 89
78: 66 77 79
79: 78 80
80: 68 79 81 92
81: 80
82: 83 94
83: 71 82 95
84: 72
85: 73 86
86: 85
87: 88
88: 76 87 100
89: 77 90 101
90: 89 102
91: 92
92: 80 91 93 104
93: 92 105
94: 82
95: 83 107
96: 97
97: 96 109
98: 110
99: 100 111
100: 88 99
101: 89
102: 90
103: 104
104: 92 103
105: 93 106 117
106: 105
107: 95 119
108: 109
109: 97 108 110
110: 98 109 122
111: 99 112 123
112: 111
113: 114 125
114: 113
115: 127
116: 117
117: 105 116 118 129
118: 117
119: 107
120: 132
121: 122
122: 110 121 123 134
123: 111 122
124: 125
125: 113 124 126 137
126: 125 127
127: 115 126 128 139
128: 127
129: 117 141
130: 142
131: 143
132: 120 133
133: 132 134
134: 122 133 135
135: 134 136
136: 135 137
137: 125 136 138
138: 137
139: 127
140: 141
141: 129 140 142
142: 130 141 143
143: 131 142