144 2

11 24 22 9 35 60 46 72 3 42 50 55 98 12 43 68 44 30 42 26 30 77 3 16 4 2 56 30 78 13 79 54 22 24 22 17 75 88 12 59 87 75 10 5 54 78 29 29 67 100 98 77 37 37 60 47 64 2 7 93 37 7 18 32 60 97 57 77 41 51 88 84 45 78 93 83 35 39 81 73 92 21 73 75 94 100 78 95 68 25 45 86 39 72 67 58 31 87 96 10 56 67 29 41 93 57 1 28 90 77 79 77 97 45 8 54 94 3 19 30 5 3 43 12 19 28 27 11 27 88 79 13 35 34 54 79 41 96 23 78 54 92 23 31
0: 1 12
1: 0 2
2: 1 3
3: 2 4 15
4: 3
5: 17
6: 18
7: 8 19
8: 7 9 20
9: 8
10: 22
11: 23
12: 0 24
13: 14 25
14: 13
15: 3 27
16: 17
17: 5 16 29
18: 6 19
19: 7 18
20: 8 32
21: 22
22: 10 21 23 34
23: 11 22 35
24: 12 25 36
25: 13 24 26 37
26: 25 38
27: 15 28
28: 27 29
29: 17 28 30
30: 29 42
31: 32 43
32: 20 31 33
33: 32 34
34: 22 33 46
35: 23 47
36: 24
37: 25
38: 26 39 50
39: 38
40: 52
41: 42 53
42: 30 41 43 54
43: 31 42 44 55
44: 43
45: 57
46: 34 58
47: 35
48: 60
49: 61
50: 38 62
51: 52 63
52: 40 51
53: 41 65
54: 42 66
55: 43
56: 57 68
57: 45 56 58 69
58: 46 57 59 70
59: 58
60: 48 61 72
61: 49 60 62 73
62: 50 61 63 74
63: 51 62 64 75
64: 63 76
65: 53
66: 54
67: 68 79
68: 56 67
69: 57 81
70: 58
71: 83
72: 60
73: 61 85
74: 62 86
75: 63
76: 64 77
77: 76 78 89
78: 77
79: 67
80: 81 92
81: 69 80 82 93
82: 81
83: 71 95
84: 96
85: 73
86: 74
87: 99
88: 89
89: 77 88 90 101
90: 89 102
91: 92
92: 80 91 104
93: 81
94: 106
95: 83 107
96: 84 97 108
97: 96
98: 99
99: 87 98 100 111
100: 99
101: 89
102: 90 103 114
103: 102
104: 92
105: 106 117
106: 94 105 107 118
107: 95 106
108: 96 120
109: 121
110: 122
111: 99 123
112: 124
113: 114
114: 102 113 115 126
115: 114 127
116: 117 128
117: 105 116 129
118: 106 119
119: 118 131
120: 108 121 132
121: 109 120 122 133
122: 110 121 123
123: 111 122 124 135
124: 112 123 125 136
125: 124 126
126: 114 125 138
127: 115 128 139
128: 116 127 140
129: 117
130: 131 142
131: 119 130 143
132: 120
133: 121 134
134: 133
135: 123
136: 124
137: 138
138: 126 137
139: 127
140: 128
141: 142
142: 130 141
143: 131