144 5

23 6 60 18 93 32 75 61 63 35 96 81 48 32 2 56 73 32 55 45 14 15 43 90 43 57 7 34 47 95 13 87 85 66 63 84 44 36 91 24 4 91 27 49 100 11 58 22 31 100 57 28 58 27 78 1 28 30 79 14 43 88 3 98 87 64 17 67 65 60 23 23 100 49 69 76 57 3 79 82 86 73 56 83 92 93 37 9 26 68 28 72 50 71 18 64 5 12 44 96 100 9 89 57 21 82 82 5 80 21 23 6 51 19 21 27 51 95 51 39 85 99 64 75 73 33 95 88 36 92 72 6 34 25 15 38 54 67 14 67 8 77 75 29
0: 1 12
1: 0 2
2: 1 3 14
3: 2 4
4: 3 5
5: 4 6 17
6: 5
7: 19
8: 20
9: 10 21
10: 9 11
11: 10
12: 0 24
13: 14
14: 2 13 15 26
15: 14
16: 17
17: 5 16
18: 30
19: 7 20
20: 8 19 21 32
21: 9 20 22 33
22: 21 23 34
23: 22
24: 12
25: 26 37
26: 14 25 27 38
27: 26 39
28: 40
29: 30
30: 18 29 31 42
31: 30
32: 20
33: 21 45
34: 22
35: 47
36: 37 48
37: 25 36
38: 26
39: 27 40 51
40: 28 39 41 52
41: 40 42 53
42: 30 41 43
43: 42 55
44: 45 56
45: 33 44 46 57
46: 45 47
47: 35 46 59
48: 36 49 60
49: 48
50: 51 62
51: 39 50
52: 40
53: 41
54: 55 66
55: 43 54 56 67
56: 44 55 68
57: 45
58: 59 70
59: 47 58 71
60: 48 72
61: 62 73
62: 50 61 63 74
63: 62
64: 76
65: 66 77
66: 54 65
67: 55 79
68: 56
69: 70
70: 58 69 82
71: 59 83
72: 60
73: 61
74: 62
75: 87
76: 64 77
77: 65 76 78 89
78: 77 90
79: 67
80: 92
81: 82
82: 70 81 94
83: 71
84: 96
85: 97
86: 87
87: 75 86 88 99
88: 87
89: 77 101
90: 78 91
91: 90
92: 80 104
93: 94
94: 82 93 95
95: 94 107
96: 84 97 108
97: 85 96 98 109
98: 97
99: 87 111
100: 101
101: 89 100 102 113
102: 101
103: 104 115
104: 92 103 105 116
105: 104
106: 107
107: 95 106 119
108: 96
109: 97 110 121
110: 109 111 122
111: 99 110 112 123
112: 111 113
113: 101 112 114 125
114: 113 115 126
115: 103 114 127
116: 104 117
117: 116
118: 119
119: 107 118 131
120: 132
121: 109
122: 110 134
123: 111
124: 125
125: 113 124
126: 114 138
127: 115
128: 129 140
129: 128
130: 131
131: 119 130 143
132: 120 133
133: 132 134
134: 122 133 135
135: 134 136
136: 135
137: 138
138: 126 137 139
139: 138 140
140: 128 139 141
141: 140
142: 143
143: 131 142