144 3

47 10 29 62 14 17 50 53 25 47 2 25 39 64 83 79 34 14 58 53 51 50 71 51 76 75 87 7 60 73 30 78 39 75 62 40 52 65 28 33 85 54 96 55 67 35 49 81 96 41 80 13 98 30 82 44 31 98 64 20 26 94 87 29 71 61 26 11 87 24 56 61 9 60 93 46 38 8 33 95 67 83 22 9 28 36 84 99 27 3 8 90 77 20 36 92 20 82 61 77 83 21 94 85 81 56 88 60 46 21 46 14 88 73 2 37 67 71 66 73 83 71 40 10 43 76 12 19 25 74 45 22 66 58 46 92 27 67 71 57 96 63 67 12
0: 1 12
1: 0 2 13
2: 1 3 14
3: 2 4
4: 3 5 16
5: 4 6 17
6: 5
7: 8
8: 7 9 20
9: 8 10 21
10: 9 11 22
11: 10 23
12: 0 24
13: 1 25
14: 2
15: 16 27
16: 4 15
17: 5 18 29
18: 17 30
19: 20
20: 8 19 32
21: 9
22: 10
23: 11 35
24: 12 36
25: 13
26: 27 38
27: 15 26 28 39
28: 27
29: 17
30: 18 31 42
31: 30 32
32: 20 31
33: 45
34: 35
35: 23 34
36: 24
37: 38 49
38: 26 37
39: 27 40 51
40: 39
41: 53
42: 30
43: 55
44: 45 56
45: 33 44 46
46: 45
47: 59
48: 49 60
49: 37 48
50: 51
51: 39 50 52 63
52: 51 53
53: 41 52 54
54: 53 66
55: 43 56 67
56: 44 55
57: 69
58: 59
59: 47 58 71
60: 48 61 72
61: 60
62: 63
63: 51 62 64 75
64: 63
65: 66 77
66: 54 65 67
67: 55 66 68 79
68: 67 69 80
69: 57 68 70
70: 69 82
71: 59 83
72: 60 73 84
73: 72
74: 75
75: 63 74
76: 77
77: 65 76 78 89
78: 77
79: 67
80: 68
81: 82 93
82: 70 81 83
83: 71 82 95
84: 72 85 96
85: 84 86
86: 85
87: 88
88: 87 89
89: 77 88 90 101
90: 89 91 102
91: 90
92: 93
93: 81 92 94 105
94: 93 106
95: 83 107
96: 84 97 108
97: 96 109
98: 110
99: 111
100: 101
101: 89 100
102: 90 114
103: 115
104: 105
105: 93 104 117
106: 94
107: 95
108: 96 120
109: 97 110 121
110: 98 109 111
111: 99 110 112 123
112: 111
113: 114
114: 102 113 115 126
115: 103 114
116: 128
117: 105
118: 130
119: 131
120: 108
121: 109
122: 123 134
123: 111 122 124 135
124: 123 136
125: 126
126: 114 125 127 138
127: 126 128 139
128: 116 127 129 140
129: 128 130 141
130: 118 129 131
131: 119 130 143
132: 133
133: 132 134
134: 122 133
135: 123
136: 124 137
137: 136
138: 126
139: 127
140: 128
141: 129
142: 143
143: 131 142