144 3

97 77 60 79 64 7 62 76 8 97 35 56 68 15 54 28 95 99 2 47 73 79 24 4 46 57 46 22 77 92 82 2 32 73 71 22 51 13 85 16 44 31 2 28 39 22 11 87 42 89 10 32 47 99 77 96 3 98 2 31 31 29 91 51 60 29 87 49 74 54 44 76 23 97 29 71 68 69 1 75 20 44 34 27 10 97 15 81 69 72 44 1 76 6 66 83 8 18 86 13 5 96 46 36 19 22 3 2 25 70 8 97 34 37 7 59 71 53 29 96 55 37 91 80 74 85 43 98 36 28 57 70 4 57 3 52 8 63 24 4 13 19 71 58
0: 12
1: 13
2: 14
3: 15
4: 5
5: 4 6
6: 5 18
7: 8
8: 7 9 20
9: 8
10: 22
11: 23
12: 0 13 24
13: 1 12 14 25
14: 2 13
15: 3 16 27
16: 15
17: 18
18: 6 17 19 30
19: 18 31
20: 8 32
21: 22
22: 10 21 23
23: 11 22 35
24: 12
25: 13 37
26: 27
27: 15 26 28 39
28: 27
29: 41
30: 18 42
31: 19 32 43
32: 20 31
33: 45
34: 35 46
35: 23 34
36: 37
37: 25 36 38
38: 37 39 50
39: 27 38 40
40: 39
41: 29 42
42: 30 41 54
43: 31 44
44: 43 56
45: 33 46
46: 34 45 47 58
47: 46
48: 60
49: 50 61
50: 38 49 51 62
51: 50 52 63
52: 51
53: 65
54: 42
55: 56 67
56: 44 55 57 68
57: 56 58
58: 46 57 59 70
59: 58
60: 48 61 72
61: 49 60
62: 50
63: 51
64: 65 76
65: 53 64 66
66: 65 78
67: 55
68: 56 80
69: 70
70: 58 69
71: 83
72: 60 73 84
73: 72
74: 75 86
75: 74
76: 64
77: 78
78: 66 77 79 90
79: 78 80 91
80: 68 79
81: 93
82: 83
83: 71 82 95
84: 72 85 96
85: 84 86
86: 74 85 87
87: 86 99
88: 100
89: 90
90: 78 89
91: 79 92 103
92: 91 93 104
93: 81 92 94
94: 93 106
95: 83 107
96: 84 97 108
97: 96
98: 99 110
99: 87 98 100
100: 88 99 101 112
101: 100
102: 114
103: 91
104: 92 116
105: 106 117
106: 94 105 107 118
107: 95 106 119
108: 96
109: 110 121
110: 98 109 111 122
111: 110
112: 100
113: 114 125
114: 102 113 115 126
115: 114
116: 104
117: 105 129
118: 106
119: 107
120: 132
121: 109
122: 110 134
123: 135
124: 136
125: 113
126: 114 138
127: 139
128: 140
129: 117 130 141
130: 129 131
131: 130 143
132: 120 133
133: 132 134
134: 122 133 135
135: 123 134 136
136: 124 135 137
137: 136 138
138: 126 137 139
139: 127 138 140
140: 128 139 141
141: 129 140 142
142: 141
143: 131