144 3

186 440 197 4 489 161 439 14 456 388 359 45 86 380 346 135 466 310 88 328 86 214 51 105 123 342 6 344 221 98 215 105 110 470 387 59 144 381 229 138 117 469 102 261 348 116 190 371 460 420 267 385 395 217 49 394 6 231 147 388 132 51 392 81 458 500 152 332 480 9 287 494 214 218 461 387 468 164 229 129 241 100 444 411 186 486 347 151 292 339 165 299 63 213 285 184 209 497 462 337 271 72 497 259 461 173 230 52 407 17 244 144 415 106 116 295 498 211 356 65 487 426 83 226 411 177 493 290 36 31 229 275 465 338 344 204 444 154 317 159 497 257 338 264
0: 1 12
1: 0
2: 3
3: 2 4 15
4: 3 5
5: 4
6: 7 18
7: 6 8 19
8: 7 20
9: 21
10: 11 22
11: 10 23
12: 0 13 24
13: 12
14: 15 26
15: 3 14 16
16: 15
17: 18 29
18: 6 17 30
19: 7 31
20: 8 21 32
21: 9 20 22
22: 10 21 34
23: 11 35
24: 12 25 36
25: 24 26
26: 14 25 27 38
27: 26 39
28: 29 40
29: 17 28 41
30: 18 42
31: 19
32: 20 33
33: 32 45
34: 22
35: 23 47
36: 24 37
37: 36
38: 26 50
39: 27 40 51
40: 28 39 52
41: 29
42: 30 43 54
43: 42
44: 56
45: 33 46
46: 45 58
47: 35
48: 60
49: 61
50: 38
51: 39 63
52: 40
53: 54
54: 42 53 55 66
55: 54 56
56: 44 55 57 68
57: 56 69
58: 46 59
59: 58
60: 48 61 72
61: 49 60 62 73
62: 61 63
63: 51 62 64 75
64: 63
65: 66 77
66: 54 65
67: 79
68: 56
69: 57 70 81
70: 69 71
71: 70
72: 60 84
73: 61 74
74: 73
75: 63 87
76: 77
77: 65 76
78: 79 90
79: 67 78 80
80: 79 81 92
81: 69 80 82
82: 81
83: 95
84: 72 85 96
85: 84
86: 87
87: 75 86 88 99
88: 87
89: 101
90: 78
91: 92 103
92: 80 91 93 104
93: 92 105
94: 95
95: 83 94 107
96: 84
97: 109
98: 110
99: 87 111
100: 101
101: 89 100 102 113
102: 101
103: 91
104: 92
105: 93 106
106: 105 107
107: 95 106 119
108: 109 120
109: 97 108 110 121
110: 98 109 111 122
111: 99 110 112
112: 111 113
113: 101 112 114 125
114: 113 115 126
115: 114
116: 128
117: 129
118: 119
119: 107 118 131
120: 108
121: 109 133
122: 110 123 134
123: 122 135
124: 125
125: 113 124 137
126: 114
127: 128 139
128: 116 127 129 140
129: 117 128 130 141
130: 129 142
131: 119 143
132: 133
133: 121 132
134: 122
135: 123
136: 137
137: 125 136 138
138: 137 139
139: 127 138
140: 128
141: 129
142: 130
143: 131