144 3

369 157 439 468 199 29 252 196 424 70 348 358 210 227 196 299 3 26 244 123 10 7 453 95 174 92 467 331 497 194 296 31 318 239 467 437 282 469 101 417 262 419 218 22 136 78 477 245 224 286 241 275 301 385 272 424 137 238 247 423 21 215 258 267 226 264 302 159 263 481 367 330 389 114 378 147 182 149 75 207 66 449 85 44 330 455 432 377 75 324 27 172 192 210 201 340 181 294 250 144 102 267 144 147 485 93 388 282 14 241 108 422 440 45 233 386 460 209 174 312 277 214 363 79 443 370 210 126 296 12 192 40 105 212 475 119 352 127 361 246 59 301 376 136
0: 1
1: 0 2 13
2: 1 14
3: 4
4: 3 16
5: 6 17
6: 5
7: 19
8: 20
9: 10 21
10: 9
11: 23
12: 24
13: 1 25
14: 2 15
15: 14 16 27
16: 4 15 17 28
17: 5 16 18 29
18: 17 19
19: 7 18 20 31
20: 8 19 21 32
21: 9 20 22 33
22: 21 23
23: 11 22 35
24: 12 25 36
25: 13 24 26 37
26: 25 38
27: 15
28: 16 40
29: 17 41
30: 31
31: 19 30 43
32: 20
33: 21 34 45
34: 33
35: 23 47
36: 24
37: 25
38: 26 39 50
39: 38
40: 28
41: 29
42: 43 54
43: 31 42 44 55
44: 43 56
45: 33 46 57
46: 45
47: 35 59
48: 60
49: 61
50: 38 51
51: 50
52: 64
53: 65
54: 42
55: 43 67
56: 44 68
57: 45 58 69
58: 57
59: 47
60: 48 61 72
61: 49 60 62 73
62: 61
63: 75
64: 52 76
65: 53 77
66: 78
67: 55
68: 56 80
69: 57
70: 82
71: 83
72: 60
73: 61 74 85
74: 73 75
75: 63 74 76
76: 64 75 88
77: 65 78
78: 66 77 79 90
79: 78 80
80: 68 79 81 92
81: 80 82
82: 70 81 83 94
83: 71 82 95
84: 96
85: 73
86: 98
87: 88
88: 76 87 89 100
89: 88 90
90: 78 89 91 102
91: 90
92: 80
93: 105
94: 82
95: 83 107
96: 84 97 108
97: 96
98: 86 110
99: 100
100: 88 99 101
101: 100 113
102: 90 103
103: 102 104
104: 103 105
105: 93 104 106 117
106: 105 118
107: 95
108: 96 109 120
109: 108 110
110: 98 109 111
111: 110 123
112: 113
113: 101 112 114 125
114: 113
115: 127
116: 117
117: 105 116 129
118: 106
119: 131
120: 108 132
121: 133
122: 123
123: 111 122 124 135
124: 123
125: 113 137
126: 127
127: 115 126 128
128: 127 129 140
129: 117 128 130 141
130: 129 131
131: 119 130 143
132: 120 133
133: 121 132
134: 135
135: 123 134 136
136: 135 137
137: 125 136 138
138: 137
139: 140
140: 128 139
141: 129
142: 143
143: 131 142