144 5

85 26 69 84 95 14 89 33 20 71 2 32 23 77 21 65 6 56 18 66 50 99 52 40 61 20 50 58 11 63 10 84 74 56 57 69 75 33 45 7 47 98 41 48 38 11 89 78 87 89 95 47 66 91 76 23 76 85 35 94 40 10 2 37 23 60 65 55 93 100 60 3 12 37 84 6 94 40 15 6 39 99 6 65 70 17 37 83 37 86 37 73 15 54 68 5 99 45 61 36 78 23 19 35 40 27 32 64 69 2 98 33 98 33 51 63 61 97 17 92 82 33 11 66 26 74 47 41 81 95 74 33 44 10 75 45 41 78 88 49 5 87 64 52
0: 1 12
1: 0
2: 14
3: 15
4: 5 16
5: 4 6
6: 5 7
7: 6 8
8: 7 9 20
9: 8 10
10: 9 11 22
11: 10 23
12: 0 13
13: 12 14 25
14: 2 13 15
15: 3 14 16
16: 4 15 17 28
17: 16
18: 19 30
19: 18
20: 8 21
21: 20
22: 10 34
23: 11 35
24: 25
25: 13 24 26 37
26: 25
27: 28 39
28: 16 27 29
29: 28 30
30: 18 29 31 42
31: 30
32: 44
33: 45
34: 22
35: 23 47
36: 37
37: 25 36 49
38: 39
39: 27 38 40 51
40: 39
41: 42
42: 30 41
43: 55
44: 32 45
45: 33 44 46 57
46: 45 58
47: 35
48: 60
49: 37 61
50: 62
51: 39
52: 64
53: 65
54: 55
55: 43 54 56 67
56: 55
57: 45
58: 46 59
59: 58 71
60: 48 61 72
61: 49 60 62 73
62: 50 61 63 74
63: 62 64 75
64: 52 63 65
65: 53 64
66: 78
67: 55 79
68: 80
69: 70
70: 69 71 82
71: 59 70 83
72: 60 84
73: 61 85
74: 62
75: 63 76 87
76: 75 88
77: 78
78: 66 77 79 90
79: 67 78 80 91
80: 68 79 92
81: 82
82: 70 81
83: 71 95
84: 72
85: 73 86 97
86: 85
87: 75
88: 76
89: 101
90: 78 102
91: 79
92: 80 93 104
93: 92 105
94: 95 106
95: 83 94 107
96: 97
97: 85 96 109
98: 99
99: 98 111
100: 101
101: 89 100 102 113
102: 90 101 103 114
103: 102 115
104: 92 116
105: 93 106
106: 94 105 118
107: 95
108: 109
109: 97 108 110 121
110: 109 111 122
111: 99 110
112: 113 124
113: 101 112
114: 102
115: 103 127
116: 104
117: 118
118: 106 117 119 130
119: 118 131
120: 121
121: 109 120 133
122: 110 123
123: 122 124
124: 112 123 125 136
125: 124
126: 127 138
127: 115 126 128
128: 127 140
129: 130
130: 118 129
131: 119 143
132: 133
133: 121 132 134
134: 133
135: 136
136: 124 135 137
137: 136
138: 126
139: 140
140: 128 139 141
141: 140
142: 143
143: 131 142