144 5

302 104 214 347 312 90 124 256 283 332 59 485 146 446 470 174 389 130 493 207 126 404 136 245 182 491 255 224 454 158 224 240 285 239 455 146 133 433 175 461 124 205 276 494 77 174 220 425 459 52 286 266 200 395 105 101 246 145 458 88 55 471 436 447 83 496 440 1 244 372 346 321 359 441 454 23 256 3 222 438 459 430 242 209 385 452 465 471 393 348 455 374 218 437 15 220 177 111 181 80 496 453 361 6 125 12 379 417 20 29 122 424 441 224 432 168 497 205 134 76 98 222 273 398 50 55 204 21 379 390 56 450 398 353 405 27 175 236 177 449 105 375 350 116
0: 1 12
1: 0 2 13
2: 1
3: 15
4: 5
5: 4 6 17
6: 5 7 18
7: 6
8: 20
9: 10
10: 9 11 22
11: 10
12: 0 24
13: 1
14: 15
15: 3 14 16 27
16: 15 17
17: 5 16 29
18: 6
19: 20 31
20: 8 19 21 32
21: 20 22
22: 10 21 23 34
23: 22 35
24: 12 25 36
25: 24
26: 38
27: 15
28: 29 40
29: 17 28 30
30: 29
31: 19
32: 20 44
33: 45
34: 22
35: 23
36: 24 37
37: 36 38 49
38: 26 37 39
39: 38 40
40: 28 39 41 52
41: 40
42: 54
43: 44 55
44: 32 43 45 56
45: 33 44 46 57
46: 45
47: 59
48: 49 60
49: 37 48 50 61
50: 49 62
51: 52
52: 40 51 53 64
53: 52 54
54: 42 53 55
55: 43 54 67
56: 44
57: 45 58 69
58: 57 59
59: 47 58 71
60: 48 72
61: 49
62: 50
63: 64 75
64: 52 63
65: 77
66: 67
67: 55 66 68 79
68: 67
69: 57
70: 82
71: 59 83
72: 60 73
73: 72
74: 75
75: 63 74 76 87
76: 75 77 88
77: 65 76 78 89
78: 77 90
79: 67
80: 92
81: 82
82: 70 81 83 94
83: 71 82
84: 96
85: 97
86: 98
87: 75 99
88: 76
89: 77
90: 78
91: 103
92: 80 104
93: 94 105
94: 82 93 95
95: 94
96: 84 108
97: 85 98 109
98: 86 97 99
99: 87 98 100 111
100: 99
101: 113
102: 103
103: 91 102 104 115
104: 92 103 105 116
105: 93 104 106 117
106: 105 118
107: 119
108: 96 109 120
109: 97 108 110 121
110: 109 122
111: 99
112: 124
113: 101 125
114: 115
115: 103 114 127
116: 104
117: 105
118: 106 119 130
119: 107 118
120: 108 132
121: 109 133
122: 110
123: 124 135
124: 112 123 125
125: 113 124 126 137
126: 125 127 138
127: 115 126 128 139
128: 127 140
129: 130
130: 118 129 131 142
131: 130 143
132: 120
133: 121
134: 135
135: 123 134 136
136: 135
137: 125
138: 126
139: 127
140: 128 141
141: 140
142: 130
143: 131