144 2

286 297 44 352 184 461 268 175 173 466 368 26 454 480 435 176 293 318 30 383 487 313 315 177 304 115 353 455 383 75 281 354 70 77 387 348 455 432 433 159 471 43 337 303 278 255 496 454 333 172 16 464 44 267 349 345 279 470 114 270 199 474 479 115 8 229 361 318 263 167 279 6 448 60 500 466 178 358 127 322 476 369 50 189 225 460 151 310 417 108 481 267 364 413 264 293 107 480 109 62 363 111 497 13 51 112 4 160 453 390 465 83 181 393 107 270 92 383 157 155 65 210 298 331 145 90 68 177 153 196 320 355 121 172 262 210 140 422 126 311 343 316 69 129
0: 1 12
1: 0 2
2: 1 3 14
3: 2 4 15
4: 3 5
5: 4
6: 7 18
7: 6 8
8: 7 9 20
9: 8
10: 11
11: 10 23
12: 0
13: 25
14: 2
15: 3 16 27
16: 15
17: 18 29
18: 6 17 19 30
19: 18
20: 8 32
21: 22 33
22: 21 23
23: 11 22 35
24: 25 36
25: 13 24 26 37
26: 25
27: 15 39
28: 29
29: 17 28 41
30: 18
31: 32
32: 20 31 33 44
33: 21 32 34 45
34: 33
35: 23
36: 24
37: 25 49
38: 39 50
39: 27 38
40: 41 52
41: 29 40 42 53
42: 41
43: 44
44: 32 43
45: 33
46: 58
47: 59
48: 49 60
49: 37 48 50 61
50: 38 49 51 62
51: 50 52
52: 40 51 64
53: 41 54
54: 53
55: 56
56: 55 68
57: 58 69
58: 46 57 59
59: 47 58 71
60: 48
61: 49 73
62: 50
63: 64 75
64: 52 63 65 76
65: 64
66: 78
67: 68
68: 56 67 69 80
69: 57 68
70: 71 82
71: 59 70 83
72: 73
73: 61 72 74 85
74: 73 86
75: 63
76: 64
77: 78 89
78: 66 77 79
79: 78
80: 68
81: 82
82: 70 81 94
83: 71
84: 96
85: 73
86: 74 98
87: 99
88: 89
89: 77 88 90 101
90: 89
91: 103
92: 104
93: 105
94: 82 106
95: 107
96: 84 97 108
97: 96 98
98: 86 97 99
99: 87 98 100 111
100: 99 101
101: 89 100 102
102: 101 103 114
103: 91 102 104 115
104: 92 103 105 116
105: 93 104 106
106: 94 105 107 118
107: 95 106 119
108: 96 120
109: 121
110: 111
111: 99 110 112 123
112: 111
113: 125
114: 102 126
115: 103
116: 104 117 128
117: 116
118: 106
119: 107 131
120: 108 121 132
121: 109 120 122
122: 121
123: 111
124: 125 136
125: 113 124 126 137
126: 114 125 127 138
127: 126
128: 116 129 140
129: 128
130: 142
131: 119 143
132: 120 133
133: 132 134
134: 133
135: 136
136: 124 135
137: 125
138: 126 139
139: 138
140: 128
141: 142
142: 130 141 143
143: 131 142