144 2

27 10 80 81 21 11 36 56 8 33 76 30 20 14 91 81 19 25 42 76 66 6 17 12 55 73 24 40 100 93 81 16 92 78 64 66 56 81 46 86 72 26 40 63 76 23 94 61 6 65 94 46 3 83 92 53 14 77 100 74 76 49 6 93 9 52 66 64 98 11 36 97 91 38 61 31 25 13 46 81 7 90 96 79 71 93 62 15 82 38 77 36 16 76 19 86 92 98 76 10 34 91 51 90 81 3 73 19 90 67 46 36 56 68 51 17 98 13 76 61 100 38 64 60 97 9 37 78 89 51 12 3 43 54 27 42 75 22 61 51 39 47 36 92
0: 1
1: 0 2 13
2: 1
3: 4
4: 3 5 16
5: 4 6 17
6: 5 7
7: 6 8
8: 7 9
9: 8 21
10: 22
11: 23
12: 13 24
13: 1 12 14 25
14: 13 26
15: 16 27
16: 4 15 28
17: 5 18 29
18: 17
19: 31
20: 21
21: 9 20 22 33
22: 10 21 23 34
23: 11 22 35
24: 12
25: 13
26: 14 27 38
27: 15 26 39
28: 16
29: 17 41
30: 31 42
31: 19 30 32 43
32: 31
33: 21 45
34: 22
35: 23 47
36: 48
37: 38
38: 26 37
39: 27
40: 41 52
41: 29 40 42
42: 30 41 54
43: 31
44: 45 56
45: 33 44 46
46: 45
47: 35 59
48: 36 49 60
49: 48 61
50: 62
51: 52
52: 40 51 53 64
53: 52
54: 42
55: 56 67
56: 44 55 57
57: 56 69
58: 70
59: 47
60: 48
61: 49 62 73
62: 50 61 63 74
63: 62 64
64: 52 63 65 76
65: 64 77
66: 78
67: 55
68: 69 80
69: 57 68 70
70: 58 69 71
71: 70 83
72: 73 84
73: 61 72 85
74: 62
75: 76 87
76: 64 75
77: 65 78 89
78: 66 77
79: 80
80: 68 79 81 92
81: 80
82: 94
83: 71
84: 72 96
85: 73
86: 87
87: 75 86 88 99
88: 87
89: 77
90: 91 102
91: 90 92
92: 80 91 93
93: 92 94 105
94: 82 93 95
95: 94 107
96: 84
97: 109
98: 99
99: 87 98 100 111
100: 99 101 112
101: 100
102: 90
103: 115
104: 105
105: 93 104 106 117
106: 105
107: 95
108: 109
109: 97 108 121
110: 111
111: 99 110 123
112: 100
113: 125
114: 115 126
115: 103 114 116 127
116: 115 117
117: 105 116 118
118: 117 130
119: 131
120: 121 132
121: 109 120 122
122: 121 134
123: 111 135
124: 125
125: 113 124 126 137
126: 114 125
127: 115
128: 140
129: 130
130: 118 129 131 142
131: 119 130 143
132: 120
133: 134
134: 122 133 135
135: 123 134
136: 137
137: 125 136 138
138: 137
139: 140
140: 128 139 141
141: 140 142
142: 130 141
143: 131