81 2

15 64 43 75 71 78 24 57 37 58 41 24 11 11 79 43 10 47 81 66 23 70 45 62 17 11 80 90 61 27 81 91 58 77 19 4 53 95 42 14 22 17 26 88 50 96 34 70 3 4 64 56 90 9 77 36 13 10 75 3 6 22 51 3 26 62 84 64 75 67 100 16 61 30 67 59 26 82 51 97 32
0: 1
1: 0 2
2: 1 3 11
3: 2 4 12
4: 3 5
5: 4 6
6: 5 15
7: 16
8: 17
9: 10 18
10: 9
11: 2 20
12: 3
13: 14 22
14: 13
15: 6 16 24
16: 7 15 17 25
17: 8 16 26
18: 9 27
19: 20
20: 11 19 21
21: 20 22 30
22: 13 21 23
23: 22
24: 15 33
25: 16
26: 17 35
27: 18 28
28: 27 29 37
29: 28
30: 21 39
31: 32 40
32: 31
33: 24 34
34: 33
35: 26
36: 45
37: 28 38 46
38: 37 39
39: 30 38 40 48
40: 31 39 49
41: 42 50
42: 41 43
43: 42 44 52
44: 43
45: 36 46 54
46: 37 45 47 55
47: 46
48: 39
49: 40
50: 41 59
51: 52
52: 43 51 53 61
53: 52
54: 45 63
55: 46 56 64
56: 55 57 65
57: 56
58: 59
59: 50 58 60
60: 59 69
61: 52
62: 71
63: 54
64: 55 73
65: 56
66: 67
67: 66 76
68: 69 77
69: 60 68 78
70: 71
71: 62 70 80
72: 73
73: 64 72 74
74: 73 75
75: 74 76
76: 67 75 77
77: 68 76
78: 69 79
79: 78 80
80: 71 79