81 2

53 84 42 79 421 12 252 65 213 178 90 211 472 318 112 337 442 413 348 237 370 52 48 41 374 268 458 151 331 42 482 26 458 277 410 490 313 279 478 236 296 278 232 83 189 306 371 95 71 208 85 183 42 362 490 307 384 249 212 55 486 234 452 460 125 105 150 451 4 122 26 332 267 70 130 342 304 294 339 149 380
0: 1
1: 0 10
2: 3 11
3: 2 4
4: 3 13
5: 14
6: 15
7: 8
8: 7 17
9: 10
10: 1 9 11 19
11: 2 10 20
12: 13 21
13: 4 12
14: 5 15 23
15: 6 14 16 24
16: 15 17
17: 8 16 26
18: 19 27
19: 10 18
20: 11 29
21: 12 30
22: 23
23: 14 22
24: 15 25 33
25: 24
26: 17 35
27: 18 36
28: 29 37
29: 20 28 38
30: 21
31: 32 40
32: 31 33
33: 24 32 34
34: 33
35: 26 44
36: 27 45
37: 28 46
38: 29
39: 48
40: 31 49
41: 42
42: 41 43 51
43: 42 44
44: 35 43
45: 36 54
46: 37 47
47: 46
48: 39 49
49: 40 48 50
50: 49
51: 42 52
52: 51 53 61
53: 52
54: 45 55 63
55: 54 64
56: 57 65
57: 56
58: 67
59: 60
60: 59 69
61: 52 70
62: 71
63: 54 72
64: 55 65
65: 56 64 66
66: 65
67: 58 76
68: 69 77
69: 60 68 78
70: 61 79
71: 62 80
72: 63 73
73: 72 74
74: 73 75
75: 74 76
76: 67 75
77: 68
78: 69 79
79: 70 78 80
80: 71 79