81 2

86 18 69 6 24 8 56 42 15 20 78 11 58 39 100 56 64 38 95 92 87 48 14 50 36 60 65 11 31 87 46 8 82 38 73 41 11 35 50 90 11 40 53 27 78 3 62 47 20 84 4 6 37 100 28 62 3 16 80 52 86 66 18 1 71 49 34 52 95 80 30 39 70 34 67 76 59 18 18 67 85
0: 9
1: 2 10
2: 1 11
3: 4
4: 3 5
5: 4 14
6: 15
7: 8 16
8: 7 17
9: 0 18
10: 1 19
11: 2
12: 13
13: 12 22
14: 5 23
15: 6 16 24
16: 7 15
17: 8 26
18: 9 27
19: 10 20
20: 19 21 29
21: 20 22 30
22: 13 21
23: 14 32
24: 15
25: 26
26: 17 25 35
27: 18 36
28: 29
29: 20 28
30: 21 31 39
31: 30
32: 23 33 41
33: 32 34
34: 33 35
35: 26 34 44
36: 27 37 45
37: 36 38
38: 37 39
39: 30 38 48
40: 49
41: 32
42: 43
43: 42 44 52
44: 35 43
45: 36 54
46: 55
47: 48 56
48: 39 47 49
49: 40 48
50: 59
51: 52 60
52: 43 51 53
53: 52 62
54: 45 55 63
55: 46 54
56: 47 57 65
57: 56
58: 59
59: 50 58 68
60: 51 69
61: 62 70
62: 53 61
63: 54 64
64: 63 73
65: 56 74
66: 67 75
67: 66 76
68: 59 69 77
69: 60 68 78
70: 61
71: 80
72: 73
73: 64 72
74: 65 75
75: 66 74
76: 67
77: 68
78: 69 79
79: 78 80
80: 71 79