81 2

70 96 70 50 55 76 14 15 40 14 39 90 95 90 34 25 84 41 100 36 42 37 22 35 22 9 78 22 48 4 26 60 45 7 10 38 14 17 7 27 50 16 21 31 51 17 60 30 1 11 39 91 30 21 79 40 3 42 20 24 76 65 56 37 43 84 62 55 87 66 42 50 47 32 37 44 67 98 35 33 97
0: 1
1: 0 2
2: 1 11
3: 4
4: 3 5 13
5: 4 6
6: 5 7
7: 6 8 16
8: 7
9: 10 18
10: 9 11
11: 2 10 12
12: 11 13 21
13: 4 12 14
14: 13 15 23
15: 14
16: 7 17 25
17: 16
18: 9 19
19: 18 28
20: 21
21: 12 20 22
22: 21
23: 14 24 32
24: 23 33
25: 16
26: 35
27: 28 36
28: 19 27 37
29: 30 38
30: 29
31: 40
32: 23
33: 24 34
34: 33 35
35: 26 34 44
36: 27
37: 28 38
38: 29 37
39: 40 48
40: 31 39 41
41: 40 42
42: 41 51
43: 52
44: 35 53
45: 46
46: 45 47
47: 46 48 56
48: 39 47 49 57
49: 48
50: 59
51: 42 52 60
52: 43 51
53: 44 62
54: 55
55: 54 64
56: 47 65
57: 48
58: 59 67
59: 50 58 68
60: 51 61
61: 60
62: 53 71
63: 72
64: 55 65
65: 56 64 74
66: 67 75
67: 58 66
68: 59 69 77
69: 68 78
70: 79
71: 62
72: 63 73
73: 72 74
74: 65 73 75
75: 66 74
76: 77
77: 68 76
78: 69 79
79: 70 78 80
80: 79