500 5

68 100 98 22 57 27 64 98 45 21 30 87 94 53 63 78 8 6 46 67 80 79 68 87 25 25 49 96 84 36 5 10 49 83 24 80 73 33 36 12 100 81 64 99 79 12 96 87 67 94 48 50 9 44 41 32 57 36 29 37 22 65 66 50 68 9 20 58 13 59 97 92 10 64 88 43 62 65 28 100 31 8 52 5 58 51 88 89 88 76 22 34 37 53 13 74 40 92 45 38 10 95 62 62 95 93 15 69 85 48 34 56 41 42 5 52 99 80 30 61 57 99 22 44 39 66 33 30 25 4 80 26 46 8 64 60 56 19 25 33 87 2 7 73 98 9 33 51 54 19 53 2 77 42 23 6 1 71 85 12 59 8 32 46 41 55 3 48 8 50 48 7 37 12 78 92 30 40 98 51 82 89 73 52 28 58 15 85 17 100 57 42 58 86 41 18 20 39 62 30 85 74 58 78 83 45 9 61 35 97 99 40 95 60 100 94 4 97 14 85 51 15 33 69 51 45 46 92 55 22 95 24 8 4 19 77 43 90 45 43 67 71 79 59 88 47 34 34 16 38 44 50 50 15 39 87 84 50 10 32 98 47 56 47 4 13 86 8 74 88 94 60 87 5 97 38 5 30 49 72 27 17 55 94 46 1 53 66 94 99 64 40 89 97 89 30 91 72 61 26 77 82 42 3 35 1 14 94 78 63 99 34 3 95 58 85 42 61 79 18 100 64 3 43 92 43 64 43 64 31 43 65 91 34 58 76 17 5 83 10 15 72 67 35 37 57 58 99 70 70 87 58 17 66 70 36 51 27 28 85 27 31 5 15 52 33 25 6 26 74 32 61 9 6 30 89 94 10 4 38 35 75 66 26 31 85 88 96 14 35 90 18 8 24 56 67 92 66 32 32 37 86 96 58 42 19 28 61 80 16 73 98 21 2 90 96 66 34 13 98 48 50 19 76 10 14 47 100 62 58 62 68 65 41 57 28 15 78 24 42 23 68 34 2 88 89 5 53 43 13 56 68 80 93 27 39 38 93 19 98 18 78 38 75 50 6 75 98 29 25 46 88 15 89 8 25 6 74 12 75 94 15 75 31 97 70 35 91 91 50 83 50 33 88 10 99 41 100 75 61
0: 4 5 9 19 20 80 81 93 96 146 196 250 292 306 408
1: 59 222 265 289 302 373
2: 69 126 197 382 392
3: 36
4: 0 10
5: 0 18 62 291 356 440
6: 35 126 174 352 478
7: 12 38 51 58 96 173 195 441
8: 14 103 227
9: 0 46 47 102 299 385 401
10: 4 213 277
11: 30 67 110 330
12: 7 169 251
13: 41 45 434
14: 8 42 97 157 225
15: 34 106 112 223 295 306
16: 72 79 190 408
17: 50 112 171 176 423
18: 5 21 75 101 355
19: 0
20: 0 68 107
21: 18 100
22: 213
23: 41 63 140 186 320 383
24: 105 121 176
25: 26 43 184 479
26: 25 92 124 374
27: 40 56 300
28: 85 124 193 426
29: 133 345
30: 11 70 123
31: 41 71
32: 83 157
33: 37 54 71
34: 15 141 219
35: 6 84 260
36: 3 347 395
37: 33 334 384
38: 7 90 249 484
39: 155 160 213
40: 27
41: 13 23 31 52 77 138 143 345 366
42: 14 202
43: 25 273
44: 143
45: 13 198
46: 9 91 237
47: 9 76 108 205
48: 114 395
49: 254 395
50: 17 136 416
51: 7 89
52: 41 456
53: 252 403 453 454
54: 33 332
55: 157 293
56: 27 65 167
57: 210 242 289 438
58: 7 87 94 214 424 443
59: 1
60: 99 120 125 130 299 467
61: 92 96 286 337
62: 5
63: 23 360
64: 70
65: 56 206 296 320
66: 191 241 276 491
67: 11 299
68: 20 129
69: 2 163 389
70: 30 64 86
71: 31 33 194 307 313 407 433
72: 16
73: 344 352
74: 102 294
75: 18 95 224
76: 47 215
77: 41 111 244
78: 210 218
79: 16 211 257 451
80: 0 159 165 181 275
81: 0 221
82: 118 226 306
83: 32 122
84: 35 231
85: 28 115 400
86: 70 462
87: 58
88: 205
89: 51 208 217 497
90: 38 192
91: 46 151 180 473
92: 26 61 174 188 289
93: 0 132 144
94: 58 338
95: 75
96: 0 7 61 187 240
97: 14 142 145 266 297
98: 149 196 300 309 410
99: 60
100: 21 212
101: 18 364
102: 9 74
103: 8 144 270
104: 261 441
105: 24 152
106: 15 324
107: 20 264
108: 47 247
109: 304 395
110: 11 274 368
111: 77 135 147 148 387
112: 15 17 458
113: 317
114: 48 164 437
115: 85 488
116: 235 323 395
117: 281
118: 82
119: 353
120: 60 161
121: 24 475
122: 83 422
123: 30 308
124: 26 28 150 472
125: 60 245
126: 2 6 127
127: 126 162 279 432 490 494
128: 170 334
129: 68
130: 60 216
131: 269 462
132: 93 379
133: 29
134: 189 304
135: 111
136: 50
137: 155
138: 41 179 203 248
139: 473
140: 23 168
141: 34 341 461
142: 97
143: 41 44 404 452
144: 93 103 353
145: 97
146: 0 200
147: 111
148: 111 238
149: 98 399
150: 124
151: 91
152: 105 256
153: 172
154: 299 448 483
155: 39 137 284 372
156: 160 209 326
157: 14 32 55 177
158: 210
159: 80
160: 39 156 259
161: 120 288
162: 127 272
163: 69
164: 114 463
165: 80 199 246
166: 236
167: 56 262
168: 140 354
169: 12 336 411
170: 128
171: 17 183 232 350
172: 153 196 314
173: 7
174: 6 92 253 357
175: 332 485
176: 17 24 343
177: 157 351
178: 186
179: 138 495
180: 91 311 457
181: 80
182: 185 237 319
183: 171
184: 25 278
185: 182
186: 23 178
187: 96 317 396
188: 92
189: 134 499
190: 16
191: 66 204 346 430 464
192: 90 220 228
193: 28
194: 71 381
195: 7
196: 0 98 172 254 271
197: 2 263 469
198: 45 491
199: 165
200: 146 489
201: 282 395
202: 42
203: 138
204: 191 268 290 419
205: 47 88
206: 65 315
207: 353
208: 89
209: 156 439
210: 57 78 158 496
211: 79 363
212: 100
213: 10 22 39 329
214: 58
215: 76
216: 130 233
217: 89
218: 78 230 386 447
219: 34 312 362
220: 192
221: 81
222: 1 453
223: 15 258
224: 75 234
225: 14
226: 82
227: 8
228: 192
229: 395
230: 218 397 444
231: 84
232: 171
233: 216
234: 224
235: 116
236: 166 285 462
237: 46 182
238: 148
239: 258 367 429
240: 96 349
241: 66
242: 57
243: 490
244: 77 301 470
245: 125
246: 165
247: 108
248: 138
249: 38
250: 0
251: 12 342
252: 53
253: 174
254: 49 196
255: 355 390 449
256: 152
257: 79 305
258: 223 239
259: 160 267
260: 35 446
261: 104
262: 167 340
263: 197
264: 107
265: 1 361
266: 97
267: 259 420
268: 204
269: 131 482
270: 103 376
271: 196 280
272: 162
273: 43
274: 110 283 465
275: 80
276: 66 322
277: 10 436
278: 184 409 421
279: 127 358 471
280: 271
281: 117 382 413
282: 201
283: 274 328 377
284: 155 348
285: 236
286: 61
287: 303
288: 161 477
289: 1 57 92 487
290: 204 327
291: 5
292: 0
293: 55 359
294: 74 369
295: 15
296: 65
297: 97 417
298: 319 321
299: 9 60 67 154 339
300: 27 98 405
301: 244
302: 1 393
303: 287 335 368
304: 109 134
305: 257
306: 0 15 82
307: 71
308: 123
309: 98
310: 428 468
311: 180 365
312: 219
313: 71 375
314: 172 316
315: 206
316: 314
317: 113 187
318: 349
319: 182 298
320: 23 65 391 402
321: 298
322: 276
323: 116
324: 106
325: 453
326: 156
327: 290
328: 283
329: 213
330: 11
331: 478
332: 54 175
333: 382
334: 37 128
335: 303
336: 169 388
337: 61 466
338: 94 418 468
339: 299
340: 262
341: 141
342: 251
343: 176
344: 73
345: 29 41 442
346: 191
347: 36
348: 284
349: 240 318
350: 171
351: 177
352: 6 73
353: 119 144 207
354: 168
355: 18 255
356: 5 371 492
357: 174
358: 279 486
359: 293 370
360: 63
361: 265
362: 219
363: 211
364: 101
365: 311 406
366: 41
367: 239 415
368: 110 303 435
369: 294
370: 359
371: 356
372: 155
373: 1 378
374: 26
375: 313
376: 270
377: 283 427
378: 373
379: 132
380: 396 425
381: 194
382: 2 281 333
383: 23
384: 37
385: 9 480
386: 218
387: 111
388: 336
389: 69
390: 255 498
391: 320 394
392: 2
393: 302
394: 391
395: 36 48 49 109 116 201 229
396: 187 380
397: 230
398: 473
399: 149
400: 85
401: 9 481
402: 320 412
403: 53
404: 143 455
405: 300 414
406: 365
407: 71
408: 0 16
409: 278
410: 98
411: 169
412: 402 460
413: 281 474
414: 405
415: 367
416: 50 431
417: 297
418: 338
419: 204
420: 267 445
421: 278
422: 122
423: 17
424: 58
425: 380
426: 28 450
427: 377
428: 310
429: 239
430: 191
431: 416
432: 127
433: 71
434: 13
435: 368
436: 277
437: 114
438: 57
439: 209
440: 5
441: 7 104
442: 345 476
443: 58
444: 230
445: 420
446: 260
447: 218 459
448: 154
449: 255
450: 426
451: 79
452: 143
453: 53 222 325
454: 53
455: 404
456: 52
457: 180
458: 112
459: 447
460: 412
461: 141
462: 86 131 236
463: 164
464: 191
465: 274
466: 337
467: 60
468: 310 338
469: 197
470: 244 493
471: 279
472: 124
473: 91 139 398
474: 413
475: 121
476: 442
477: 288
478: 6 331
479: 25
480: 385
481: 401
482: 269
483: 154
484: 38
485: 175
486: 358
487: 289
488: 115
489: 200
490: 127 243
491: 66 198
492: 356
493: 470
494: 127
495: 179
496: 210
497: 89
498: 390
499: 189