250 2

31 8 25 91 22 53 94 75 19 97 82 45 75 35 34 41 11 19 16 23 87 18 80 64 19 32 72 97 96 73 47 59 50 65 3 83 1 97 100 28 13 49 72 61 27 24 69 75 40 98 20 13 79 2 70 4 28 55 28 96 27 64 12 35 75 21 87 3 99 56 93 6 83 56 4 86 73 33 33 8 8 82 5 1 16 71 65 63 26 21 65 5 21 16 44 30 89 8 42 71 5 65 9 54 47 64 100 14 55 31 48 5 95 21 5 74 91 95 62 84 91 73 7 31 99 56 11 74 96 26 45 52 81 86 97 72 29 15 75 76 22 64 99 61 2 33 20 45 3 67 43 52 40 86 90 19 80 16 63 52 1 2 83 48 26 89 32 79 63 82 56 6 14 85 40 88 30 46 44 32 94 53 54 69 69 53 35 74 10 56 22 22 49 59 46 53 89 75 26 76 83 94 81 29 1 33 39 23 26 73 70 8 19 16 31 65 90 65 97 26 32 45 52 76 44 38 76 15 21 48 47 43 97 4 57 42 88 1 77 9 92 74 15 13 51 77 59 35 53 90
0: 21 28 103 111 125 128 142 168 215
1: 6 13 18 45 81 112 129 143 158 202
2: 32 62 174
3: 54 127 140 167 175
4: 9 15
5: 8 30 78
6: 1 17 146 227
7: 9 31 34 41 81 128 221
8: 5 23 42 49
9: 4 7 80 127 170
10: 47 126 140
11: 12 174
12: 11 195
13: 1 24 37 133 222
14: 16 79 85 135 202
15: 4 29 88 242
16: 14 74
17: 6 25 90 154
18: 1 67
19: 28 121 124 236
20: 61
21: 0 36 120 212
22: 26 31 69 92 101
23: 8 40 123
24: 13
25: 17 48 113 161 217
26: 22 208
27: 33 220 230
28: 0 19 61 62
29: 15 84 156
30: 5 37 59 102
31: 7 22 38 60 109 191
32: 2 115
33: 27 51 98 129 179
34: 7 83
35: 62
36: 21 43 205
37: 13 30 100 138
38: 31 44 57 118
39: 87 105 188
40: 23 104
41: 7 233
42: 8 152 186
43: 36 63 211
44: 38 183
45: 1 76
46: 98 193
47: 10 64 65
48: 25 141
49: 8 196 246
50: 62 245
51: 33 53 58
52: 135 190
53: 51 73 139
54: 3 56
55: 62 68 95
56: 54
57: 38
58: 51 238
59: 30 72 91 231
60: 31 94
61: 20 28 87
62: 2 28 35 50 55 70 150 218
63: 43
64: 47 130
65: 47 82
66: 119 172
67: 18 106 160
68: 55
69: 22
70: 62 207
71: 135
72: 59
73: 53 148
74: 16 203
75: 127
76: 45
77: 168
78: 5 169 240 243
79: 14
80: 9 178
81: 1 7 97 185 204
82: 65 247
83: 34 228
84: 29
85: 14
86: 96 102 147
87: 39 61 244
88: 15 99
89: 93 169
90: 17 172
91: 59 226
92: 22
93: 89 117 192
94: 60 163 198
95: 55
96: 86
97: 81
98: 33 46 176
99: 88 181 209
100: 37 136 225
101: 22
102: 30 86
103: 0 197
104: 40 162
105: 39 144 171
106: 67
107: 148
108: 191
109: 31
110: 208
111: 0 116 164
112: 1 137 145
113: 25 187
114: 129 132
115: 32
116: 111 155
117: 93
118: 38 248
119: 66 134 201
120: 21
121: 19
122: 212
123: 23
124: 19 239
125: 0 159
126: 10
127: 3 9 75 131
128: 0 7
129: 1 33 114
130: 64
131: 127
132: 114 214
133: 13 189
134: 119
135: 14 52 71
136: 100 224
137: 112
138: 37 229
139: 53
140: 3 10 180
141: 48
142: 0 210
143: 1
144: 105
145: 112 149 157
146: 6
147: 86
148: 73 107
149: 145 165 166
150: 62
151: 190
152: 42
153: 214
154: 17
155: 116 219 235
156: 29
157: 145
158: 1
159: 125
160: 67
161: 25
162: 104 173
163: 94
164: 111
165: 149
166: 149 232
167: 3
168: 0 77
169: 78 89 177
170: 9
171: 105 184
172: 66 90
173: 162
174: 2 11
175: 3
176: 98
177: 169 194
178: 80
179: 33 206 216 237
180: 140
181: 99
182: 186
183: 44
184: 171
185: 81
186: 42 182
187: 113
188: 39 199
189: 133
190: 52 151
191: 31 108
192: 93 223
193: 46
194: 177
195: 12 213
196: 49
197: 103
198: 94
199: 188 241
200: 226
201: 119
202: 1 14
203: 74
204: 81
205: 36
206: 179
207: 70
208: 26 110
209: 99
210: 142
211: 43
212: 21 122
213: 195
214: 132 153
215: 0
216: 179 234
217: 25
218: 62
219: 155
220: 27
221: 7
222: 13
223: 192
224: 136
225: 100
226: 91 200
227: 6
228: 83
229: 138
230: 27
231: 59
232: 166
233: 41
234: 216
235: 155
236: 19
237: 179
238: 58 249
239: 124
240: 78
241: 199
242: 15
243: 78
244: 87
245: 50
246: 49
247: 82
248: 118
249: 238