250 4

6 457 253 311 3 215 305 50 405 36 132 34 466 343 144 121 491 181 226 186 447 249 264 444 237 394 185 159 130 335 138 247 319 152 210 348 69 403 46 422 98 13 483 174 239 319 354 130 446 376 244 122 336 282 302 121 334 28 146 80 491 41 114 361 255 377 255 86 430 316 300 99 244 159 59 389 149 178 108 378 352 242 90 444 359 495 371 363 448 2 419 170 486 145 431 387 498 172 426 22 350 128 238 346 479 488 372 86 25 246 213 485 264 80 166 384 300 173 247 150 361 108 102 172 166 455 298 410 458 290 121 486 328 339 357 289 21 241 449 192 141 207 431 229 197 182 159 83 438 192 246 53 364 272 385 58 376 50 495 10 184 232 69 24 243 56 220 427 292 3 6 335 348 54 93 278 75 331 104 169 110 368 328 412 208 230 69 100 341 229 356 30 22 192 403 168 53 147 188 148 485 72 202 134 365 189 483 430 84 491 411 52 180 153 170 251 16 126 45 45 499 194 17 237 282 207 231 435 208 371 250 345 500 126 84 78 194 23 2 147 468 91 370 478 361 408 444 281 80 212
0: 120 122 128 142 168 215 248
1: 45 81 103 112 126 128 143 158 202
2: 10 174 218
3: 15 19 54 124
4: 15
5: 8 32
6: 31 146 227
7: 9 34 81 101 170 221
8: 5 23 49
9: 7 17 204
10: 2 140 148
11: 12 32 174
12: 11 195 213
13: 24 37 52 81 133 190 222
14: 79 85
15: 3 4 17 29 80 99 242
16: 71 85 151
17: 9 15 25 90 154
18: 22 67
19: 3 28 167 236
20: 28 39
21: 36 120
22: 18 26 69 92 127
23: 8 40 42 123
24: 13
25: 17 48 113 161 217
26: 22 208
27: 98 114 143 193 220 230
28: 19 20 121
29: 15 84 156
30: 59 96
31: 6 38 101 109 127
32: 5 11
33: 114 176 179
34: 7 83
35: 62 218
36: 21 205
37: 13 100 102 138
38: 31 57 111 118
39: 20 105
40: 23 104
41: 97 233
42: 23 152
43: 63 205 211
44: 50 62 183
45: 1 76
46: 129
47: 64 65 143
48: 25 141
49: 8 196 246
50: 44
51: 58 220
52: 13 79 135
53: 139 220
54: 3 56
55: 68
56: 54
57: 38 70
58: 51 249
59: 30 72 91 231
60: 62 94
61: 87
62: 35 44 60 75 77 245
63: 43
64: 47 130
65: 47 82
66: 90 119 125
67: 18 160
68: 55 70
69: 22
70: 57 68 207
71: 16
72: 59
73: 139
74: 203
75: 62
76: 45
77: 62 168
78: 89 96 240 243
79: 14 52
80: 15 178
81: 1 7 13 185
82: 65 247
83: 34 228
84: 29
85: 14 16
86: 89 147
87: 61 105 244
88: 99
89: 78 86 93 169
90: 17 66
91: 59 226
92: 22
93: 89 192 223
94: 60 198
95: 143
96: 30 78 102
97: 41 102
98: 27
99: 15 88 181 209
100: 37 136 225
101: 7 31
102: 37 96 97 131
103: 1 197
104: 40 162
105: 39 87 144 171
106: 160
107: 148
108: 191
109: 31
110: 208
111: 38 116 164
112: 1 137
113: 25 187
114: 27 33 132
115: 150
116: 111 155
117: 192
118: 38
119: 66 134 172 201
120: 0 21
121: 28
122: 0 212
123: 23
124: 3 175 239
125: 66 159
126: 1
127: 22 31 191
128: 0 1
129: 46 204
130: 64
131: 102
132: 114 214
133: 13 189
134: 119
135: 52
136: 100 224
137: 112 145 149
138: 37 229
139: 53 73
140: 10 180
141: 48
142: 0 210
143: 1 27 47 95
144: 105
145: 137 157
146: 6
147: 86
148: 10 107
149: 137 165 166
150: 115 204
151: 16
152: 42 182 186
153: 214
154: 17
155: 116 235
156: 29
157: 145
158: 1
159: 125
160: 67 106
161: 25
162: 104 173
163: 198
164: 111
165: 149
166: 149 232
167: 19
168: 0 77
169: 89 177
170: 7
171: 105 184
172: 119
173: 162
174: 2 11
175: 124
176: 33
177: 169 194
178: 80
179: 33 206 216 237
180: 140
181: 99
182: 152
183: 44
184: 171
185: 81
186: 152
187: 113
188: 199 244
189: 133
190: 13 203
191: 108 127
192: 93 117
193: 27
194: 177
195: 12
196: 49
197: 103
198: 94 163
199: 188 241
200: 226
201: 119
202: 1
203: 74 190
204: 9 129 150
205: 36 43
206: 179
207: 70
208: 26 110
209: 99
210: 142
211: 43
212: 122
213: 12
214: 132 153
215: 0
216: 179 234
217: 25
218: 2 35
219: 235
220: 27 51 53
221: 7
222: 13
223: 93
224: 136
225: 100
226: 91 200
227: 6
228: 83
229: 138
230: 27
231: 59
232: 166
233: 41
234: 216
235: 155 219
236: 19
237: 179
238: 249
239: 124
240: 78
241: 199
242: 15
243: 78
244: 87 188
245: 62
246: 49
247: 82
248: 0
249: 58 238