250 3

280 223 237 64 229 207 388 137 149 429 491 261 280 352 473 448 25 245 153 373 464 242 62 155 169 92 202 241 104 243 457 482 477 300 492 228 365 2 196 466 323 176 490 440 183 140 59 173 273 104 126 172 415 315 313 305 24 131 484 194 212 75 476 435 25 114 266 483 346 34 312 472 296 11 110 483 238 427 43 183 430 296 246 312 44 11 229 167 56 442 301 217 328 446 23 145 327 229 20 451 157 420 345 159 204 473 65 209 398 226 325 24 249 485 334 146 169 272 303 472 195 445 435 40 399 210 295 41 284 138 420 458 155 242 214 384 100 266 449 135 479 366 487 328 125 59 293 218 150 282 137 26 295 112 63 246 233 175 250 177 63 157 198 53 201 453 329 36 336 258 357 16 406 437 274 60 10 134 474 44 135 246 393 362 290 285 121 386 445 400 462 263 145 372 450 341 367 44 112 299 354 263 204 189 280 98 58 13 376 58 136 126 240 142 76 493 317 335 338 71 379 500 108 359 152 288 223 287 415 162 284 335 434 234 271 460 500 305 244 38 270 231 361 316 299 422 352 134 161 325
0: 28 45 103 120 125 128 142 158 215 220 248
1: 102 125 127 135 202
2: 62 115
3: 7 15 54 124
4: 6
5: 32 78
6: 4 17 146
7: 3 34 128 221
8: 23 49
9: 17 168 170 204
10: 62 126 140 148
11: 12 174
12: 11 213
13: 37 133 203 222
14: 202
15: 3 29 80 99 242
16: 71 85 135 151 190
17: 6 9 25 80 119 154
18: 22 31 38 67
19: 121 124 167 175 236
20: 61
21: 36 120 122 212
22: 18 26 69 92 101 127
23: 8 40 42 123
24: 37
25: 17 48 113 161 217
26: 22 110 208
27: 55 114 193 230
28: 0 61
29: 15 84 156
30: 59 78
31: 18 109 191
32: 5
33: 46 179
34: 7 83
35: 62
36: 21 43
37: 13 24 62 100 138
38: 18 57 111 112 218
39: 61 188 244
40: 23 104
41: 81 97 233
42: 23 186
43: 36 63 205 211
44: 62 183
45: 0 76
46: 33 98 193
47: 64 65 143
48: 25 141
49: 8 196 246
50: 62
51: 53 58 129
52: 79 190
53: 51 139
54: 3 56
55: 27 62 143
56: 54
57: 38
58: 51 249
59: 30 72 91 231
60: 62 94
61: 20 28 39
62: 2 10 35 37 44 50 55 60 68 77 150 245
63: 43
64: 47 130
65: 47 82
66: 90 119
67: 18 106
68: 62 70
69: 22
70: 68 95 207
71: 16
72: 59
73: 148
74: 203
75: 127
76: 45
77: 62 81
78: 5 30 86 96 169 240 243
79: 52
80: 15 17 178
81: 41 77 168 185
82: 65 247
83: 34 228
84: 29
85: 16
86: 78 147
87: 188
88: 99
89: 93 169
90: 66 172
91: 59 200 226
92: 22
93: 89 117 192 223
94: 60 163 198
95: 70
96: 78 102
97: 41
98: 46 176
99: 15 88 181 209
100: 37 136 225
101: 22
102: 1 96
103: 0 197
104: 40 162
105: 171 244
106: 67 160
107: 148
108: 191
109: 31
110: 26
111: 38 116 164
112: 38 137
113: 25 187
114: 27 129 132
115: 2
116: 111 155
117: 93
118: 227 248
119: 17 66 134 201
120: 0 21
121: 19
122: 21
123: 23
124: 3 19 239
125: 0 1 159 174
126: 10
127: 1 22 75 131
128: 0 7
129: 51 114
130: 64
131: 127
132: 114 153
133: 13 189
134: 119
135: 1 16
136: 100 224
137: 112 145
138: 37 229
139: 53
140: 10 180
141: 48
142: 0 210
143: 47 55
144: 171
145: 137 149 157
146: 6
147: 86
148: 10 73 107
149: 145 165 166
150: 62
151: 16
152: 182 186 248
153: 132 214
154: 17
155: 116 235
156: 29
157: 145
158: 0
159: 125
160: 106
161: 25
162: 104 173
163: 94
164: 111
165: 149
166: 149 232
167: 19
168: 9 81
169: 78 89 177
170: 9
171: 105 144 184
172: 90
173: 162
174: 11 125
175: 19
176: 98
177: 169 194
178: 80
179: 33 206 216 237
180: 140
181: 99
182: 152
183: 44
184: 171
185: 81
186: 42 152
187: 113
188: 39 87 199
189: 133
190: 16 52
191: 31 108
192: 93
193: 27 46
194: 177
195: 213
196: 49
197: 103
198: 94
199: 188 241
200: 91
201: 119
202: 1 14
203: 13 74
204: 9
205: 43
206: 179
207: 70
208: 26
209: 99
210: 142
211: 43
212: 21
213: 12 195
214: 153
215: 0
216: 179 234
217: 25
218: 38
219: 235
220: 0
221: 7
222: 13
223: 93
224: 136
225: 100
226: 91
227: 118
228: 83
229: 138
230: 27
231: 59
232: 166
233: 41
234: 216
235: 155 219
236: 19
237: 179
238: 249
239: 124
240: 78
241: 199
242: 15
243: 78
244: 39 105
245: 62
246: 49
247: 82
248: 0 118 152
249: 58 238