250 6

8 28 68 54 12 29 43 79 62 28 8 35 64 69 70 87 7 37 9 85 57 90 57 91 83 81 53 91 54 11 41 68 71 94 36 6 71 18 71 50 70 55 41 17 89 20 18 11 45 62 47 43 71 20 61 97 83 54 22 47 60 92 46 17 33 7 56 33 95 63 70 3 27 37 24 55 73 12 57 22 62 65 31 42 14 26 4 42 18 33 92 47 41 37 84 40 31 57 35 83 84 85 91 72 48 69 16 9 77 100 40 52 44 65 39 70 69 64 31 60 97 42 48 21 28 18 61 35 62 57 15 10 90 98 85 65 74 56 23 16 87 96 8 82 48 85 16 100 24 66 33 36 32 55 12 90 30 63 43 84 57 85 48 11 99 56 48 1 92 77 96 66 79 41 58 39 23 14 50 32 43 79 41 61 41 49 79 16 26 87 64 76 34 57 95 12 90 29 85 19 4 42 27 80 100 48 45 85 16 29 86 99 66 14 27 13 93 56 44 16 38 10 77 23 99 95 89 85 8 25 70 18 72 20 1 98 59 8 72 88 35 55 100 58 30 78 87 33 97 45
0: 31 116 120 122 158 215
1: 10 13 45 103 112 125 142 158 202
2: 35 115 126
3: 15 17 54 124 167 175
4: 9 128
5: 78 125 126 174
6: 17 146 227
7: 34 170 221
8: 42 49
9: 4 170 204
10: 1 148
11: 12 32 174
12: 11 213
13: 1 14 133 190 203 222
14: 13
15: 3 29 80 88 242
16: 71 74
17: 3 6 25 154
18: 38 67 112
19: 28 142 167 236
20: 28
21: 36 212
22: 26 69 92 101
23: 40 42 123
24: 102
25: 17 48 113 161 217
26: 22 110
27: 51 55 129 140 230
28: 19 20 61 121
29: 15 84 156
30: 59 78
31: 0 60 101 108 109
32: 11 150
33: 51 176 206
34: 7 83
35: 2
36: 21 43 205
37: 81 100 138
38: 18 118
39: 61 105 188
40: 23 104
41: 128 233
42: 8 23 152 186
43: 36 63
44: 50 183
45: 1 76
46: 129 193
47: 64 65 143
48: 25 141
49: 8 196 246
50: 44 62
51: 27 33 53 58
52: 79 135
53: 51 139 220
54: 3 56
55: 27 68 143
56: 54
57: 62
58: 51 249
59: 30 91 231
60: 31 94
61: 28 39
62: 50 57 68 70 75 204 218 245
63: 43
64: 47 130
65: 47 82
66: 119 172 174
67: 18 160
68: 55 62
69: 22
70: 62 207
71: 16
72: 231
73: 107 148
74: 16 85 203
75: 62
76: 45
77: 168 204
78: 5 30 169 240 243
79: 52
80: 15 178
81: 37 97 102 150 185 204
82: 65 247
83: 34 228
84: 29
85: 74
86: 96 147
87: 105
88: 15 99
89: 93 169
90: 119
91: 59 226
92: 22
93: 89 117 192
94: 60 163 198
95: 143
96: 86 102
97: 81
98: 193
99: 88 181 209
100: 37 136 225
101: 22 31
102: 24 81 96 131
103: 1 197
104: 40 162
105: 39 87 144 244
106: 160
107: 73
108: 31
109: 31
110: 26 208
111: 116 164
112: 1 18 137
113: 25 187
114: 129 132
115: 2
116: 0 111 155
117: 93
118: 38 248
119: 66 90 134 201
120: 0
121: 28
122: 0 212
123: 23
124: 3 239
125: 1 5 159
126: 2 5
127: 131 191
128: 4 41
129: 27 46 114
130: 64
131: 102 127
132: 114 214
133: 13 189
134: 119
135: 52 190
136: 100 224
137: 112 149
138: 37 229
139: 53
140: 27 180
141: 48
142: 1 19 210
143: 47 55 95
144: 105 171
145: 149 157
146: 6
147: 86
148: 10 73
149: 137 145 165 166
150: 32 81
151: 190
152: 42 248
153: 214
154: 17
155: 116 219
156: 29
157: 145
158: 0 1
159: 125
160: 67 106
161: 25
162: 104 173
163: 94
164: 111
165: 149
166: 149 232
167: 3 19
168: 77
169: 78 89 177
170: 7 9
171: 144 184
172: 66
173: 162
174: 5 11 66
175: 3
176: 33
177: 169 194
178: 80
179: 206 216 237
180: 140
181: 99
182: 186
183: 44
184: 171
185: 81
186: 42 182
187: 113
188: 39 199
189: 133
190: 13 135 151
191: 127
192: 93 223
193: 46 98
194: 177
195: 213
196: 49
197: 103
198: 94
199: 188 241
200: 226
201: 119
202: 1
203: 13 74
204: 9 62 77 81
205: 36 211
206: 33 179
207: 70
208: 110
209: 99
210: 142
211: 205
212: 21 122
213: 12 195
214: 132 153
215: 0
216: 179 234
217: 25
218: 62
219: 155 235
220: 53
221: 7
222: 13
223: 192
224: 136
225: 100
226: 91 200
227: 6
228: 83
229: 138
230: 27
231: 59 72
232: 166
233: 41
234: 216
235: 219
236: 19
237: 179
238: 249
239: 124
240: 78
241: 199
242: 15
243: 78
244: 105
245: 62
246: 49
247: 82
248: 118 152
249: 58 238