1000 3

61 23 72 74 60 70 24 32 36 98 52 31 48 54 48 93 22 97 25 98 90 95 75 86 78 90 61 18 37 86 35 4 42 91 17 48 30 58 19 91 86 41 89 84 44 91 4 31 67 4 83 50 92 32 18 37 24 81 78 23 60 15 97 17 55 7 59 100 88 82 46 88 39 87 17 63 18 89 43 98 5 86 72 90 65 43 92 52 92 13 55 84 38 16 92 64 100 32 57 9 28 40 44 50 97 77 8 71 18 94 14 44 69 93 48 61 60 66 96 16 19 31 98 40 2 92 69 48 57 6 87 52 95 90 25 98 65 12 36 57 1 51 24 8 71 72 36 82 98 69 68 67 89 98 44 42 61 35 11 82 50 84 78 18 49 8 10 13 11 28 44 17 43 83 75 87 94 75 21 88 62 43 52 67 74 4 4 21 2 1 82 19 30 72 74 11 19 99 66 77 28 70 12 10 68 43 5 95 86 92 33 10 60 80 66 21 62 20 2 55 98 46 63 58 59 35 18 36 84 55 32 70 100 70 84 60 47 35 41 46 25 27 89 83 90 51 76 16 12 78 28 21 69 74 25 50 83 2 70 73 2 37 50 89 61 98 7 37 52 62 81 14 33 41 62 95 55 66 56 36 34 53 68 95 4 87 76 64 46 10 26 2 80 20 83 4 81 24 10 31 86 52 11 33 90 18 92 3 15 44 55 58 17 43 66 17 67 34 59 50 43 67 18 50 18 74 4 64 20 73 78 85 55 78 9 84 69 1 52 62 88 81 97 1 89 10 99 28 11 1 58 41 73 98 9 21 34 42 60 30 34 19 80 23 38 62 27 28 79 27 54 96 29 86 6 46 88 17 48 25 48 54 73 41 88 43 66 73 7 66 65 46 71 26 46 48 5 99 4 3 49 93 6 49 19 62 92 93 1 62 32 47 80 35 27 3 41 53 45 94 75 69 62 44 90 39 63 76 19 30 90 90 82 51 29 78 51 86 17 30 16 18 46 21 71 86 2 5 1 51 83 15 98 42 22 66 11 4 31 57 92 19 30 3 53 58 54 87 50 4 64 69 58 83 29 10 70 88 63 41 75 48 59 82 78 11 6 93 51 76 60 68 13 83 1 54 45 94 51 82 49 93 81 32 92 56 7 40 79 26 53 45 95 84 50 24 41 82 54 17 65 92 88 78 90 64 24 47 55 9 96 95 18 56 91 81 84 3 63 53 74 66 35 91 10 47 41 69 6 19 55 47 52 7 97 88 48 40 22 95 3 54 96 42 74 82 66 36 52 66 64 63 30 35 4 37 77 54 9 9 85 48 78 74 64 12 39 82 39 61 9 58 51 23 28 47 47 71 79 73 88 53 32 18 39 54 89 56 65 92 51 14 66 35 70 72 94 89 65 50 72 29 20 12 86 31 50 40 55 51 68 20 29 71 13 74 35 74 17 77 19 75 45 57 65 46 82 13 54 25 30 40 65 1 4 57 27 28 65 9 80 36 89 69 81 25 39 27 87 17 49 41 96 5 5 56 49 42 51 47 74 80 86 53 62 43 50 57 87 5 43 85 75 59 4 1 72 59 98 73 43 4 97 67 57 69 67 32 8 11 86 1 50 84 27 51 62 48 71 38 43 3 36 56 17 49 94 51 66 38 4 74 22 93 68 52 13 100 42 18 59 11 9 53 80 62 74 92 81 70 40 40 7 96 65 68 15 10 15 60 81 26 59 99 87 15 14 79 13 31 70 3 58 16 58 93 57 54 8 65 37 20 27 58 90 11 95 89 69 15 98 62 79 89 71 81 76 28 28 98 54 39 32 9 44 28 33 77 95 64 93 26 53 40 45 26 68 92 10 61 64 85 36 54 78 50 82 42 92 75 85 62 10 22 76 16 39 88 17 11 35 6 8 22 76 34 69 20 32 9 13 24 66 1 60 39 92 58 2 72 19 76 97 16 80 68 15 25 29 81 62 97 10 33 9 51 49 76 37 44 47 43 17 21 80 17 30 77 95 95 77 3 84 69 68 28 18 52 98 80 41 83 59 75 27 94 90 85 67 72 94 57 47 56 7 42 99 66 41 15 91 22 88 88 78 86 100 11 73 82 88 71 65 47 25 63 24 50 37 40 29 22 100 36 7 25 59 74 30 49 20 34 64 42 25 33 50 88 11 57 78 1 37 78 98 51 51 13 94 27 72 31 42 66 4 58 53 39 26 59 57 3 59 63 45 77 74 51 66 61 73 53 81 45 83 91 62 16 2 12
0: 3 52 68 78 103 150 173 255 291 303 362 374 531 593 641 710 738 763 949 976
1: 157 258 312 327 524 794 914
2: 61 150 206 355 442 451 508 521 544 618 749
3: 0 4 6 9 29 45 75 113 168 202 261 263 299 417 421 551 623
4: 3 41 143 147 193 650 774
5: 15 101 175 581
6: 3 12 846
7: 11 19 48 132 133 200 227 284 324 341 993
8: 33 350 594
9: 3 20 114 221 673 796
10: 28 87 277 896 930
11: 7 24 261 806
12: 6 15 31 69 176 177 497 637 740
13: 530 632
14: 99 125 208 213 747
15: 5 12 74 203 225 247 365
16: 465 615
17: 62 156 158
18: 83 443 557 658
19: 7 21 40
20: 9
21: 19
22: 563
23: 35 250 427 649 726 919 944
24: 11 30 50 140 321 487 538 702 828
25: 26 72 369 381 893
26: 25 159 573 952
27: 57 74 444
28: 10 142 218 516
29: 3 317 860
30: 24 56
31: 12 58 141 308 515 537
32: 55 742
33: 8 563 696
34: 39 107 307 545 709 879 944
35: 23 104 223 560
36: 103 322 595
37: 127 135 898
38: 105 335 622
39: 34 66 110 118 121 355 724
40: 19 671 686 728
41: 4 80 209 578
42: 83 97 920 937
43: 404
44: 82 102 335 485 730
45: 3 617
46: 54 130 200 590
47: 75 347
48: 7 49 390 505
49: 48 283 345
50: 24 924
51: 64 390 434 778
52: 0
53: 93 186 608 801
54: 46 563 853
55: 32 142 736
56: 30 627
57: 27
58: 31 325 643 881 897
59: 221 244
60: 188 563
61: 2 117
62: 17 81 804
63: 97 278 452
64: 51 67 611
65: 159 761 822
66: 39 155 170 849 932 997
67: 64 90 91
68: 0 266 552
69: 12 684
70: 254 301
71: 303 425 636
72: 25 336 450 791
73: 99 192 211 264
74: 15 27 86 172 182 887
75: 3 47 79 191 273 332
76: 131 248 269 658
77: 89 98 156
78: 0 275 377
79: 75
80: 41 92 122 246 399 787
81: 62
82: 44 666
83: 18 42 113 343
84: 125
85: 108 404 542 567 620
86: 74 220
87: 10 127
88: 123 311 631
89: 77 651
90: 67
91: 67 194 196
92: 80 119
93: 53 128 232 395 852
94: 180 728
95: 338 405 730 844 980
96: 133 548 638 783 971
97: 42 63
98: 77 262 589
99: 14 73 129 158
100: 126 235 362 488
101: 5
102: 44 541
103: 0 36 708
104: 35 473
105: 38 124 145 171 810 863
106: 340
107: 34 184 469 739
108: 85 718
109: 112 623
110: 39 242
111: 116 221 372 626
112: 109 226 436
113: 3 83 164 370
114: 9
115: 275 688
116: 111
117: 61 151 293 310 360 388
118: 39 183
119: 92 120 758
120: 119 251
121: 39 231 600 772
122: 80 331
123: 88 167 616 769
124: 105 189 411
125: 14 84 533
126: 100 137 564
127: 37 87 313 387
128: 93 397 593 973
129: 99 144 583
130: 46 294
131: 76 152 954
132: 7
133: 7 96 824
134: 195 198 621
135: 37 136 288 385 665
136: 135 222 238 417
137: 126 181 260 553
138: 139 332 406
139: 138 330 380 492 670 876
140: 24 224 404
141: 31 668
142: 28 55
143: 4
144: 129
145: 105
146: 420 430 864
147: 4
148: 382
149: 234 408 865
150: 0 2 233 927
151: 117 875
152: 131 546
153: 448 618 737
154: 509 787
155: 66 901
156: 17 77 214 409 795 976
157: 1 280 790
158: 17 99 165 297 895
159: 26 65 253 282 412 482
160: 296 895
161: 272 997
162: 205 778
163: 179 727
164: 113 215
165: 158 174 410
166: 256
167: 123 207
168: 3
169: 225 230
170: 66
171: 105 268
172: 74 368
173: 0 519 540
174: 165
175: 5
176: 12 178 786 970
177: 12
178: 176
179: 163 312
180: 94 212 507 719
181: 137 328
182: 74 536
183: 118
184: 107
185: 334 881
186: 53
187: 216 297 306
188: 60
189: 124 441 506
190: 261 375
191: 75 458 906
192: 73 612
193: 4 720
194: 91 352
195: 134 530
196: 91
197: 233
198: 134 738
199: 287 326 899
200: 7 46 423 501
201: 504 601
202: 3 992
203: 15 489
204: 258 554
205: 162 314 777
206: 2
207: 167
208: 14
209: 41 823
210: 482 584
211: 73 353
212: 180 429 748
213: 14
214: 156 245 256 503
215: 164 281
216: 187 579 789
217: 227
218: 28 989
219: 564 820
220: 86 568
221: 9 59 111 271 329 356
222: 136 729 884
223: 35 569
224: 140 431
225: 15 169 603
226: 112 491
227: 7 217 279 836
228: 421 752
229: 472 534 673 885
230: 169
231: 121
232: 93
233: 150 197 468 926
234: 149 714
235: 100 292 339 500
236: 745 816 901
237: 418 483 756
238: 136 342
239: 704 745 883
240: 727
241: 426 633
242: 110 628
243: 274 421
244: 59 811
245: 214
246: 80 999
247: 15
248: 76 445 455 699
249: 746
250: 23 453
251: 120
252: 515
253: 159 363 517 582
254: 70 357
255: 0
256: 166 214 447
257: 332 755
258: 1 204
259: 355 827 953
260: 137
261: 3 11 190 845
262: 98
263: 3 376
264: 73 701 837
265: 394 916
266: 68 379
267: 578
268: 171 285 298 585
269: 76
270: 389
271: 221
272: 161 575 645
273: 75
274: 243 963
275: 78 115 676
276: 323 383 763
277: 10 401
278: 63
279: 227 474
280: 157 349 918
281: 215
282: 159
283: 49 460
284: 7 305 309 354
285: 268 459
286: 413 641 938
287: 199
288: 135
289: 297 484
290: 663
291: 0 525 880
292: 235
293: 117
294: 130
295: 387 572 889
296: 160 614
297: 158 187 289 428
298: 268 316
299: 3
300: 778 994
301: 70 465
302: 307 871
303: 0 71 510
304: 383 904 910
305: 284
306: 187
307: 34 302
308: 31 848
309: 284 315
310: 117
311: 88 344
312: 1 179
313: 127 574 756
314: 205
315: 309 346
316: 298 391 518
317: 29
318: 342
319: 585
320: 576 593 598 854 862
321: 24 535
322: 36 539
323: 276 690
324: 7
325: 58 713
326: 199 392 654
327: 1 438 797
328: 181 366 596
329: 221
330: 139 351 792
331: 122
332: 75 138 257 955
333: 564
334: 185 364
335: 38 44 725
336: 72 427
337: 436 660
338: 95
339: 235
340: 106 578
341: 7
342: 238 318
343: 83 384 393 706 890 941
344: 311 917
345: 49
346: 315 771
347: 47 833
348: 542
349: 280 463
350: 8 754
351: 330
352: 194 493
353: 211 414 424 681 753
354: 284 571
355: 2 39 259
356: 221 461
357: 254 359 715
358: 374 559 703
359: 357 767
360: 117
361: 432 714
362: 0 100
363: 253
364: 334
365: 15 462 599
366: 328 629
367: 416 558 793 990
368: 172
369: 25
370: 113 467
371: 689
372: 111 693
373: 451
374: 0 358 784
375: 190
376: 263 985
377: 78
378: 439 526 600
379: 266
380: 139
381: 25
382: 148 386 490
383: 276 304
384: 343 470 834
385: 135
386: 382 635
387: 127 295
388: 117 646
389: 270 541
390: 48 51 446
391: 316 705
392: 326
393: 343
394: 265 499
395: 93 476
396: 427
397: 128
398: 426 427
399: 80
400: 466 577
401: 277
402: 787
403: 481 504 664 949
404: 43 85 140
405: 95 566 807
406: 138 471 694
407: 415 419 494 799
408: 149 529 586 765
409: 156
410: 165
411: 124
412: 159
413: 286 830
414: 353 587 591
415: 407
416: 367 468 762 850
417: 3 136 977
418: 237
419: 407 477 597 857
420: 146 523 550 794
421: 3 228 243 555
422: 901
423: 200
424: 353 721
425: 71 733 775 905
426: 241 398 454 565
427: 23 336 396 398 511 532
428: 297 495
429: 212 496
430: 146 873
431: 224 464
432: 361 707
433: 456 571 683
434: 51
435: 480 873
436: 112 337
437: 669
438: 327
439: 378
440: 611
441: 189
442: 2 716 936
443: 18
444: 27
445: 248 475
446: 390
447: 256
448: 153 732
449: 738
450: 72
451: 2 373 986
452: 63 655 798
453: 250
454: 426
455: 248
456: 433 547 988
457: 517 981
458: 191
459: 285
460: 283 522
461: 356 648 781 861
462: 365 630
463: 349
464: 431 922
465: 16 301
466: 400 619 877
467: 370 764
468: 233 416
469: 107 657
470: 384
471: 406
472: 229
473: 104
474: 279
475: 445 969
476: 395
477: 419
478: 570 787
479: 752 843
480: 435 915
481: 403 580 757
482: 159 210 498 647
483: 237
484: 289 858 962
485: 44
486: 518
487: 24 625
488: 100
489: 203
490: 382 549
491: 226
492: 139
493: 352 606 680
494: 407 841
495: 428
496: 429
497: 12 512
498: 482
499: 394 803
500: 235
501: 200
502: 549 610 682 831 842
503: 214
504: 201 403
505: 48
506: 189
507: 180 685
508: 2 899
509: 154
510: 303 556
511: 427
512: 497 788
513: 582
514: 702
515: 31 252 840
516: 28
517: 253 457
518: 316 486
519: 173 966
520: 527 962
521: 2
522: 460
523: 420
524: 1
525: 291 639 750
526: 378
527: 520
528: 575
529: 408
530: 13 195
531: 0
532: 427 674
533: 125
534: 229
535: 321
536: 182
537: 31 659 935
538: 24 730
539: 322
540: 173
541: 102 389 689 961
542: 85 348 624
543: 722 841
544: 2 785
545: 34
546: 152
547: 456 734
548: 96
549: 490 502 914
550: 420 605
551: 3 768
552: 68 874
553: 137 661
554: 204 667 759
555: 421
556: 510
557: 18
558: 367 809
559: 358 679 912
560: 35
561: 833
562: 644 744 937
563: 22 33 54 60
564: 126 219 333
565: 426
566: 405
567: 85
568: 220
569: 223
570: 478
571: 354 433 634
572: 295
573: 26
574: 313 886
575: 272 528
576: 320
577: 400 641 776
578: 41 267 340 723 864
579: 216
580: 481 604
581: 5 821
582: 253 513
583: 129
584: 210
585: 268 319
586: 408
587: 414
588: 969
589: 98
590: 46
591: 414 800
592: 914
593: 0 128 320 697
594: 8
595: 36
596: 328 695
597: 419 715
598: 320
599: 365 851
600: 121 378
601: 201
602: 606
603: 225 613
604: 580
605: 550 675
606: 493 602
607: 624
608: 53 692
609: 922
610: 502 766
611: 64 440
612: 192 925
613: 603 832
614: 296 982
615: 16 618
616: 123
617: 45
618: 2 153 615
619: 466 717
620: 85 735
621: 134
622: 38 978
623: 3 109
624: 542 607 907
625: 487
626: 111
627: 56 714 779
628: 242 773 868
629: 366 640
630: 462
631: 88 898
632: 13 805
633: 241 900
634: 571
635: 386
636: 71
637: 12
638: 96 741
639: 525
640: 629 700
641: 0 286 577
642: 650 979
643: 58
644: 562
645: 272
646: 388
647: 482
648: 461 835
649: 23
650: 4 642
651: 89 838
652: 731 840
653: 833 909 913
654: 326
655: 452 751
656: 963
657: 469
658: 18 76
659: 537 818
660: 337 972
661: 553 829
662: 785 946
663: 290 711 774 960
664: 403
665: 135
666: 82 746
667: 554
668: 141 967
669: 437 709
670: 139 819
671: 40
672: 676
673: 9 229
674: 532 825
675: 605 712 866
676: 275 672
677: 814 911 914
678: 685
679: 559
680: 493
681: 353
682: 502
683: 433
684: 69
685: 507 678
686: 40 945 996
687: 823
688: 115 859 916
689: 371 541
690: 323
691: 961
692: 608
693: 372 867
694: 406 815 839 984
695: 596
696: 33
697: 593 965
698: 712
699: 248
700: 640 921
701: 264
702: 24 514
703: 358
704: 239
705: 391 760
706: 343
707: 432
708: 103
709: 34 669
710: 0
711: 663 743
712: 675 698 995
713: 325
714: 234 361 627
715: 357 597
716: 442
717: 619
718: 108
719: 180 892 964
720: 193
721: 424
722: 543
723: 578
724: 39 855
725: 335
726: 23
727: 163 240 847 891
728: 40 94
729: 222
730: 44 95 538 975
731: 652
732: 448
733: 425 780
734: 547
735: 620
736: 55 813
737: 153
738: 0 198 449 948
739: 107
740: 12
741: 638
742: 32
743: 711
744: 562
745: 236 239 870
746: 249 666
747: 14
748: 212
749: 2
750: 525
751: 655
752: 228 479
753: 353
754: 350
755: 257
756: 237 313
757: 481 950
758: 119
759: 554 782
760: 705 802
761: 65
762: 416
763: 0 276
764: 467
765: 408
766: 610
767: 359
768: 551
769: 123 987
770: 787
771: 346 888
772: 121
773: 628 923
774: 4 663
775: 425
776: 577
777: 205 808
778: 51 162 300
779: 627
780: 733
781: 461
782: 759
783: 96
784: 374
785: 544 662
786: 176
787: 80 154 402 478 770
788: 512
789: 216
790: 157 869
791: 72
792: 330
793: 367
794: 1 420 903
795: 156
796: 9 878
797: 327
798: 452 933 943
799: 407
800: 591
801: 53 817
802: 760 940
803: 499
804: 62
805: 632
806: 11
807: 405
808: 777
809: 558
810: 105 826
811: 244
812: 851
813: 736
814: 677
815: 694
816: 236
817: 801
818: 659 882
819: 670 929
820: 219
821: 581
822: 65
823: 209 687 856 958
824: 133
825: 674 959
826: 810
827: 259
828: 24
829: 661
830: 413
831: 502
832: 613
833: 347 561 653
834: 384
835: 648
836: 227
837: 264
838: 651
839: 694
840: 515 652
841: 494 543
842: 502 928
843: 479
844: 95
845: 261
846: 6
847: 727
848: 308 931
849: 66
850: 416
851: 599 812
852: 93
853: 54
854: 320
855: 724
856: 823
857: 419
858: 484
859: 688
860: 29
861: 461
862: 320
863: 105
864: 146 578
865: 149
866: 675
867: 693 983
868: 628 939
869: 790
870: 745
871: 302
872: 958
873: 430 435
874: 552
875: 151
876: 139
877: 466
878: 796 894
879: 34 942
880: 291
881: 58 185
882: 818
883: 239
884: 222
885: 229
886: 574 956
887: 74
888: 771
889: 295
890: 343
891: 727
892: 719
893: 25
894: 878
895: 158 160
896: 10
897: 58
898: 37 631
899: 199 508
900: 633
901: 155 236 422
902: 938
903: 794
904: 304
905: 425
906: 191
907: 624
908: 962
909: 653
910: 304
911: 677
912: 559 957
913: 653 968
914: 1 549 592 677
915: 480
916: 265 688
917: 344
918: 280
919: 23
920: 42 991
921: 700
922: 464 609
923: 773
924: 50
925: 612
926: 233
927: 150
928: 842
929: 819 934
930: 10
931: 848
932: 66
933: 798 947
934: 929
935: 537
936: 442
937: 42 562
938: 286 902
939: 868
940: 802
941: 343 951
942: 879
943: 798
944: 23 34
945: 686
946: 662
947: 933
948: 738
949: 0 403
950: 757
951: 941
952: 26
953: 259
954: 131
955: 332
956: 886
957: 912
958: 823 872
959: 825
960: 663
961: 541 691
962: 484 520 908 974
963: 274 656
964: 719
965: 697
966: 519
967: 668
968: 913
969: 475 588
970: 176
971: 96 998
972: 660
973: 128
974: 962
975: 730
976: 0 156
977: 417
978: 622
979: 642
980: 95
981: 457
982: 614
983: 867
984: 694
985: 376
986: 451
987: 769
988: 456
989: 218
990: 367
991: 920
992: 202
993: 7
994: 300
995: 712
996: 686
997: 66 161
998: 971
999: 246