250 6

290 418 336 19 185 446 395 86 254 53 361 366 338 374 220 76 263 435 318 11 299 425 412 457 219 163 225 416 19 271 418 341 209 420 177 259 107 295 26 312 464 304 498 467 308 394 358 330 222 194 283 248 122 221 161 183 46 125 197 268 184 102 400 429 144 320 125 411 496 287 486 368 399 184 450 272 67 269 53 415 318 123 326 187 52 410 496 256 292 112 87 235 261 225 242 184 244 437 384 342 132 228 363 338 100 302 116 322 266 482 95 293 398 469 369 332 239 270 292 293 191 420 119 340 470 138 492 204 35 142 200 198 165 291 406 472 417 294 498 262 268 297 351 318 253 115 53 88 14 16 261 171 196 282 269 377 239 494 3 427 248 53 177 196 308 354 372 68 254 244 379 286 439 455 169 338 150 224 295 404 184 50 315 364 125 170 131 356 130 250 40 472 16 126 306 161 403 483 165 186 420 92 250 80 20 491 53 147 323 391 257 363 259 432 405 108 361 488 312 51 499 345 426 246 321 363 209 397 122 386 296 72 188 425 449 79 272 306 221 485 493 496 284 175 358 234 271 172 200 481
0: 21 111 122 142 215 248
1: 3 5 37 45 103 112 202 204
2: 32 62 115 218
3: 1 28 54 126 127 175
4: 9 15 20
5: 1 8 11 30 32 125 174
6: 17 146 227
7: 31 34 101 127 128 170 221
8: 5 23 49
9: 4 80 127 168
10: 62 140 143 148
11: 5 12
12: 11 213
13: 14 81 102 133 222
14: 13 79 85 135
15: 4 17 29 99 242
16: 71 190
17: 6 15 25 154
18: 67 112
19: 121 124 142 167 236
20: 4 39
21: 0 36 62 120
22: 26 69 92 101
23: 8 40 42 123
24: 102
25: 17 48 113 161 217
26: 22 110 208
27: 33 143 230
28: 3
29: 15 84 156
30: 5 59 96
31: 7 108 109 191
32: 2 5
33: 27 51 114 179
34: 7 83
35: 218
36: 21 43
37: 1 100 102 138
38: 44 118 126
39: 20 61 244
40: 23 104
41: 81 97 233
42: 23 186
43: 36 63 211
44: 38 50 183
45: 1 76
46: 129 193
47: 64 65 143
48: 25 141
49: 8 196 246
50: 44
51: 33 58 220
52: 79
53: 139 220
54: 3 56
55: 68 143
56: 54
57: 62
58: 51 238 249
59: 30 91 231
60: 62 94
61: 39
62: 2 10 21 57 60 70 245
63: 43
64: 47 130
65: 47 82
66: 90 125
67: 18 106
68: 55
69: 22
70: 62 207
71: 16
72: 231
73: 139
74: 85
75: 127
76: 45
77: 81
78: 86 89 240 243
79: 14 52
80: 9 178
81: 13 41 77 150 185
82: 65 247
83: 34 228
84: 29
85: 14 74
86: 78 102 147
87: 244
88: 99
89: 78 93 169
90: 66 172
91: 59 226
92: 22
93: 89 117 192 223
94: 60 163
95: 143
96: 30
97: 41
98: 176 193
99: 15 88 181 209
100: 37 136 225
101: 7 22
102: 13 24 37 86 131
103: 1 158 197
104: 40 162
105: 144 171 244
106: 67 160
107: 148
108: 31
109: 31
110: 26
111: 0 116 164
112: 1 18 137 145
113: 25 187
114: 33 132
115: 2
116: 111 155
117: 93
118: 38
119: 134 172 201
120: 21
121: 19
122: 0 212
123: 23
124: 19 239
125: 5 66 159
126: 3 38
127: 3 7 9 75
128: 7
129: 46 204
130: 64
131: 102
132: 114 153 214
133: 13 189
134: 119
135: 14 151 190
136: 100 224
137: 112
138: 37 229
139: 53 73
140: 10 180
141: 48
142: 0 19 210
143: 10 27 47 55 95
144: 105
145: 112 149 157
146: 6
147: 86
148: 10 107
149: 145 165 166
150: 81
151: 135
152: 182 248
153: 132
154: 17
155: 116 219
156: 29
157: 145
158: 103
159: 125
160: 106
161: 25
162: 104 173
163: 94 198
164: 111
165: 149
166: 149 232
167: 19
168: 9
169: 89 177
170: 7
171: 105 184
172: 90 119
173: 162
174: 5
175: 3
176: 98
177: 169 194
178: 80
179: 33 206 216 237
180: 140
181: 99
182: 152
183: 44
184: 171
185: 81
186: 42
187: 113
188: 199 244
189: 133
190: 16 135 203
191: 31
192: 93
193: 46 98
194: 177
195: 213
196: 49
197: 103
198: 163
199: 188 241
200: 226
201: 119
202: 1
203: 190
204: 1 129
205: 211
206: 179
207: 70
208: 26
209: 99
210: 142
211: 43 205
212: 122
213: 12 195
214: 132
215: 0
216: 179 234
217: 25
218: 2 35
219: 155 235
220: 51 53
221: 7
222: 13
223: 93
224: 136
225: 100
226: 91 200
227: 6
228: 83
229: 138
230: 27
231: 59 72
232: 166
233: 41
234: 216
235: 219
236: 19
237: 179
238: 58
239: 124
240: 78
241: 199
242: 15
243: 78
244: 39 87 105 188
245: 62
246: 49
247: 82
248: 0 152
249: 58