250 4

37 12 26 74 54 36 73 1 92 23 41 66 35 98 68 48 56 89 89 36 86 50 27 9 50 89 12 71 49 51 69 18 61 13 82 32 57 43 27 75 29 38 41 43 86 54 8 80 45 24 87 80 72 83 59 59 58 99 53 40 94 40 36 57 97 7 31 24 75 82 23 40 89 82 1 37 82 35 70 33 17 13 6 49 26 81 44 62 69 17 66 74 96 77 36 5 29 48 40 2 13 60 52 55 4 12 59 60 91 93 36 97 94 66 29 42 18 36 97 47 11 19 22 84 45 50 49 1 61 31 90 38 26 4 47 37 10 89 20 78 83 5 25 47 56 68 88 15 83 55 19 75 28 8 66 72 85 32 13 11 70 91 9 50 57 94 55 45 54 88 49 3 84 32 38 99 38 30 65 29 97 57 4 50 32 16 80 76 33 57 18 52 40 2 96 33 4 60 97 63 15 22 86 99 49 36 74 34 42 64 98 92 4 10 26 8 62 15 90 60 16 27 98 30 62 3 95 49 9 63 14 43 3 24 4 47 53 36 54 82 40 85 68 19 58 66 14 48 8 87
0: 21 116 118 120 122 125 127 142 215 220 248
1: 7 10 112 158 202
2: 5 32 35 143
3: 31 54 102 140 175
4: 9 28
5: 2 11 174
6: 7 146
7: 1 6 34 41 101 221
8: 23 42 49
9: 4 170
10: 1 47
11: 5 12
12: 11 195
13: 81 133 222
14: 85 202
15: 17 29 88 99 242
16: 71 151
17: 15 25 28 80 154
18: 45 67 127
19: 28 121 124 142 167 236
20: 28 39
21: 0 36
22: 26 69 92 101 127
23: 8 40 123
24: 37
25: 17 48 113 161 217
26: 22 110
27: 98 114 148 230
28: 4 17 19 20
29: 15 84 156
30: 37 59 96 102
31: 3 109 191 218
32: 2 115
33: 114 129 193 206
34: 7 83
35: 2
36: 21 43 205
37: 24 30 100 138
38: 44 62 118 126
39: 20 87
40: 23 104
41: 7 233
42: 8 186
43: 36 63
44: 38 183
45: 18 76
46: 98
47: 10 64 65
48: 25 141
49: 8 196 246
50: 62
51: 53 58 220
52: 79 190
53: 51 139
54: 3 56
55: 62 68 70
56: 54
57: 70
58: 51 249
59: 30 72 91
60: 62 94
61: 87
62: 38 50 55 60 77 218 245
63: 43
64: 47 130
65: 47 82
66: 172 174
67: 18 106 160
68: 55
69: 22
70: 55 57 207
71: 16 135
72: 59 231
73: 107 148
74: 203
75: 131
76: 45
77: 62 168 204
78: 89 102 169 240 243
79: 52
80: 17 178
81: 13 97 150 168 185
82: 65 247
83: 34 228
84: 29
85: 14 203
86: 96 147
87: 39 61 188
88: 15
89: 78 93
90: 172
91: 59 200 226
92: 22
93: 89 117 192
94: 60 163 198
95: 143
96: 30 86
97: 81
98: 27 46 176
99: 15 181 209
100: 37 136 225
101: 7 22
102: 3 30 78
103: 158 197
104: 40 162
105: 171 244
106: 67
107: 73
108: 191
109: 31
110: 26 208
111: 116 164
112: 1 149
113: 25 187
114: 27 33 132
115: 32 150
116: 0 111 155
117: 93
118: 0 38 227
119: 134 172 201
120: 0
121: 19
122: 0 212
123: 23
124: 19 239
125: 0 159
126: 38
127: 0 18 22 128 131
128: 127
129: 33 204
130: 64
131: 75 127
132: 114 153 214
133: 13 189
134: 119
135: 71 190
136: 100 224
137: 145 149
138: 37 229
139: 53
140: 3 180
141: 48
142: 0 19 210
143: 2 95
144: 171
145: 137 157
146: 6
147: 86
148: 27 73
149: 112 137 165 166
150: 81 115
151: 16
152: 182 248
153: 132
154: 17
155: 116 235
156: 29
157: 145
158: 1 103
159: 125
160: 67
161: 25
162: 104 173
163: 94
164: 111
165: 149
166: 149 232
167: 19
168: 77 81
169: 78 177
170: 9
171: 105 144 184
172: 66 90 119
173: 162
174: 5 66
175: 3
176: 98
177: 169 194
178: 80
179: 206 216 237
180: 140
181: 99
182: 152 186
183: 44
184: 171
185: 81
186: 42 182
187: 113
188: 87 199 244
189: 133
190: 52 135 203
191: 31 108
192: 93 223
193: 33
194: 177
195: 12 213
196: 49
197: 103
198: 94
199: 188 241
200: 91
201: 119
202: 1 14
203: 74 85 190
204: 77 129
205: 36 211
206: 33 179
207: 70
208: 110
209: 99
210: 142
211: 205
212: 122
213: 195
214: 132
215: 0
216: 179 234
217: 25
218: 31 62
219: 235
220: 0 51
221: 7
222: 13
223: 192
224: 136
225: 100
226: 91
227: 118
228: 83
229: 138
230: 27
231: 72
232: 166
233: 41
234: 216
235: 155 219
236: 19
237: 179
238: 249
239: 124
240: 78
241: 199
242: 15
243: 78
244: 105 188
245: 62
246: 49
247: 82
248: 0 152
249: 58 238