250 5

203 287 466 235 368 478 307 156 277 483 173 198 249 358 106 305 19 83 5 459 457 485 322 140 8 222 479 40 161 208 169 480 111 477 84 146 303 431 377 476 221 358 269 169 413 170 363 417 219 204 291 229 434 289 283 368 374 420 23 154 155 490 21 255 11 146 309 28 465 378 269 497 61 448 162 206 265 376 305 66 72 112 348 106 85 129 273 339 267 219 268 156 299 303 326 329 422 181 403 437 25 163 413 251 425 88 49 32 207 214 56 98 395 49 228 310 33 476 21 196 158 336 481 221 378 230 323 18 423 122 270 5 126 332 68 13 156 399 208 287 165 129 236 350 335 128 381 472 314 275 192 425 7 341 122 450 283 324 279 235 104 222 48 143 219 124 31 63 252 304 354 215 358 492 187 141 98 394 320 352 421 238 445 300 90 77 99 396 447 343 349 359 169 63 184 276 157 499 1 462 440 93 263 71 56 354 23 436 405 441 438 375 325 453 476 101 94 490 362 299 141 118 19 231 312 181 248 16 205 231 265 428 178 159 302 485 378 52 425 479 64 76 415 248 151 5 312 103 310 357
0: 21 31 45 111 125 127 128 215 248
1: 18 38 112 127 142 158 202
2: 5 35 115 126 218
3: 9 54 124 167 175
4: 20
5: 2 32
6: 17 31 146
7: 31 34 41 170 221
8: 23 49
9: 3 17
10: 47 140 143
11: 12 32
12: 11 195
13: 24 81 133 222
14: 52 85 202
15: 28 29 80 88 242
16: 71 151
17: 6 9 25 66 90 154
18: 1 67
19: 121 124 236
20: 4 28 39 61
21: 0 36 62 120 122
22: 26 69 92 101 127
23: 8 40 42 123
24: 13
25: 17 48 113 161 217
26: 22 110 208
27: 62 98 140 148 193 230
28: 15 20 62
29: 15 84 156
30: 37 59
31: 0 6 7 108 109
32: 5 11 150
33: 46 98 179 206
34: 7 83
35: 2
36: 21 205
37: 30 100 102 138
38: 1 118
39: 20 87 188
40: 23 104
41: 7 233
42: 23 152
43: 63 211
44: 62 183
45: 0 76
46: 33 129
47: 10 64 65
48: 25 141
49: 8 196 246
50: 62 245
51: 53 58 62 220
52: 14 79 190
53: 51 73
54: 3 56
55: 143
56: 54
57: 62
58: 51 249
59: 30 91 231
60: 62 94
61: 20
62: 21 27 28 44 50 51 57 60 70
63: 43
64: 47 130
65: 47 82
66: 17 119 172 174
67: 18 106 160
68: 70
69: 22
70: 62 68 207
71: 16
72: 231
73: 53 107
74: 203
75: 127 131
76: 45
77: 129 168
78: 86 102 240 243
79: 52
80: 15 178
81: 13 97 150 168 185
82: 65 247
83: 34 228
84: 29
85: 14
86: 78 89 147
87: 39
88: 15 99
89: 86 93 169
90: 17
91: 59 200 226
92: 22
93: 89 117
94: 60 163 198
95: 143
96: 102
97: 81
98: 27 33 176
99: 88 181 209
100: 37 136 225
101: 22
102: 37 78 96 131
103: 158 197
104: 40 162
105: 144 171 244
106: 67
107: 73
108: 31 191
109: 31
110: 26
111: 0 116 164
112: 1 145
113: 25 187
114: 129 132
115: 2
116: 111 155
117: 93 192
118: 38 227
119: 66 134 201
120: 21
121: 19
122: 21 212
123: 23
124: 3 19 239
125: 0 159
126: 2
127: 0 1 22 75
128: 0
129: 46 77 114 204
130: 64
131: 75 102
132: 114 153
133: 13 189
134: 119
135: 151 190
136: 100 224
137: 145
138: 37 229
139: 148
140: 10 27 180
141: 48
142: 1 210
143: 10 55 95
144: 105
145: 112 137 149 157
146: 6
147: 86
148: 27 139
149: 145 165 166
150: 32 81
151: 16 135
152: 42 182 248
153: 132 214
154: 17
155: 116 219
156: 29
157: 145
158: 1 103
159: 125
160: 67
161: 25
162: 104 173
163: 94
164: 111
165: 149
166: 149 232
167: 3
168: 77 81
169: 89 177
170: 7
171: 105 184
172: 66
173: 162
174: 66
175: 3
176: 98
177: 169 194
178: 80
179: 33 216 237
180: 140
181: 99
182: 152 186
183: 44
184: 171
185: 81
186: 182
187: 113
188: 39 199 244
189: 133
190: 52 135 203
191: 108
192: 117 223
193: 27
194: 177
195: 12 213
196: 49
197: 103
198: 94
199: 188 241
200: 91
201: 119
202: 1 14
203: 74 190
204: 129
205: 36 211
206: 33
207: 70
208: 26
209: 99
210: 142
211: 43 205
212: 122
213: 195
214: 153
215: 0
216: 179 234
217: 25
218: 2
219: 155 235
220: 51
221: 7
222: 13
223: 192
224: 136
225: 100
226: 91
227: 118
228: 83
229: 138
230: 27
231: 59 72
232: 166
233: 41
234: 216
235: 219
236: 19
237: 179
238: 249
239: 124
240: 78
241: 199
242: 15
243: 78
244: 105 188
245: 50
246: 49
247: 82
248: 0 152
249: 58 238