250 2

109 98 293 481 200 95 21 482 433 334 195 302 469 154 30 399 174 426 332 98 19 355 34 446 147 365 409 89 121 331 166 7 385 408 287 204 331 190 446 112 470 363 487 365 358 233 444 468 34 444 334 238 101 396 400 499 273 22 101 372 421 323 57 163 225 296 449 330 309 183 294 41 334 142 72 428 147 283 291 310 418 275 87 360 262 178 143 341 318 95 385 94 491 175 393 320 258 61 264 397 207 372 299 487 325 22 176 280 310 473 359 66 118 95 100 256 167 200 229 400 88 365 484 114 26 301 319 192 26 53 244 105 232 414 461 130 80 406 232 460 47 96 416 235 182 338 459 93 14 426 175 211 392 325 14 377 245 164 314 167 429 178 498 52 144 463 168 78 31 327 427 487 493 3 135 239 11 500 422 56 200 16 220 79 145 145 449 123 109 458 396 306 123 239 282 413 65 471 232 410 330 200 457 57 500 483 468 3 209 406 276 448 402 432 119 491 88 222 195 467 187 315 479 265 383 170 147 481 414 220 258 206 441 421 281 340 55 264 319 14 177 143 178 81 156 23 234 319 472 127
0: 45 103 116 120 142 158 215
1: 57 218
2: 10 126 143 150
3: 15 19 54 102 167 175
4: 7
5: 8 32 174
6: 17 146 227
7: 4 17 34 101 170 221
8: 5 23 42 49
9: 80 81 170 204
10: 2 51
11: 12 32
12: 11 195
13: 37 52 133 222
14: 52 79 135 202
15: 3 29 88 99 242
16: 85 151
17: 6 7 25 154
18: 67 127
19: 3 121 142 236
20: 28 39
21: 36 62 122 212
22: 26 69 92 127
23: 8 40 123
24: 102
25: 17 48 113 161 217
26: 22 110 208
27: 98 129 140 143 230
28: 20 61 62
29: 15 84 156
30: 37 59 96 125
31: 60 62 108 109 191
32: 5 11 115
33: 51 114 193 206
34: 7 83
35: 218
36: 21 43
37: 13 30 100 138
38: 111 112 126
39: 20 105 188
40: 23 104
41: 128 233
42: 8 152
43: 36 63 205
44: 62 183
45: 0 76
46: 193
47: 64 65 143
48: 25 141
49: 8 196 246
50: 62 245
51: 10 33 58 148 220
52: 13 14
53: 73
54: 3 56
55: 70 95
56: 54
57: 1 62
58: 51 238 249
59: 30 91 231
60: 31 94
61: 28
62: 21 28 31 44 50 57 68 150
63: 43
64: 47 130
65: 47 82
66: 90 125 172 174
67: 18 106 160
68: 62 70
69: 22
70: 55 68 207
71: 135
72: 231
73: 53 139
74: 85 203
75: 131
76: 45
77: 168
78: 96 169 240 243
79: 14
80: 9 178
81: 9 150 168 185
82: 65 247
83: 34 228
84: 29
85: 16 74
86: 89 147
87: 105 244
88: 15
89: 86 93 169
90: 66 119
91: 59 200 226
92: 22
93: 89 223
94: 60 163
95: 55
96: 30 78 102
97: 102
98: 27 176
99: 15 181 209
100: 37 136 225
101: 7
102: 3 24 96 97 127
103: 0 197
104: 40 162
105: 39 87 144
106: 67
107: 148
108: 31
109: 31
110: 26
111: 38 164
112: 38 149
113: 25 187
114: 33 132
115: 32
116: 0 155
117: 192
118: 227 248
119: 90 134 201
120: 0
121: 19
122: 21
123: 23
124: 175 239
125: 30 66 159
126: 2 38
127: 18 22 102 128 131 191
128: 41 127
129: 27
130: 64
131: 75 127
132: 114 153 214
133: 13 189
134: 119
135: 14 71 151 190
136: 100 224
137: 149
138: 37 229
139: 73 148
140: 27 180
141: 48
142: 0 19 210
143: 2 27 47
144: 105 171
145: 149 157
146: 6
147: 86
148: 51 107 139
149: 112 137 145 165 166
150: 2 62 81
151: 16 135
152: 42 182
153: 132
154: 17
155: 116 219
156: 29
157: 145
158: 0
159: 125
160: 67
161: 25
162: 104 173
163: 94 198
164: 111
165: 149
166: 149 232
167: 3
168: 77 81
169: 78 89 177
170: 7 9
171: 144 184
172: 66
173: 162
174: 5 66
175: 3 124
176: 98
177: 169 194
178: 80
179: 206 216 237
180: 140
181: 99
182: 152 186
183: 44
184: 171
185: 81
186: 182
187: 113
188: 39 199
189: 133
190: 135
191: 31 127
192: 117 223
193: 33 46
194: 177
195: 12 213
196: 49
197: 103
198: 163
199: 188 241
200: 91
201: 119
202: 14
203: 74
204: 9
205: 43 211
206: 33 179
207: 70
208: 26
209: 99
210: 142
211: 205
212: 21
213: 195
214: 132
215: 0
216: 179 234
217: 25
218: 1 35
219: 155 235
220: 51
221: 7
222: 13
223: 93 192
224: 136
225: 100
226: 91
227: 6 118
228: 83
229: 138
230: 27
231: 59 72
232: 166
233: 41
234: 216
235: 219
236: 19
237: 179
238: 58
239: 124
240: 78
241: 199
242: 15
243: 78
244: 87
245: 50
246: 49
247: 82
248: 118
249: 58