1000 2

85 63 92 69 36 35 9 35 3 70 37 15 47 43 12 11 31 2 97 50 54 74 3 50 23 45 8 72 4 40 78 4 80 20 67 100 59 90 64 21 64 80 58 1 72 20 4 46 74 63 34 16 59 19 71 78 99 25 7 91 93 36 70 90 58 34 55 89 11 72 46 99 56 54 66 73 34 84 47 44 50 97 59 50 52 79 65 26 91 72 42 30 35 93 6 58 6 52 76 92 98 76 37 63 76 58 30 83 50 53 71 18 56 67 18 64 23 30 51 54 70 32 23 56 45 79 17 35 82 47 29 58 75 13 9 91 52 77 83 49 22 20 44 39 98 4 5 19 72 26 96 58 95 50 68 39 60 33 48 5 79 55 92 52 48 40 59 21 8 44 98 4 100 18 23 69 94 98 36 13 57 11 89 91 45 85 21 77 91 11 42 31 27 94 79 74 98 45 12 58 98 4 38 2 61 26 58 89 1 86 61 94 20 19 75 90 45 15 63 48 41 20 21 95 77 35 80 32 31 47 29 86 37 69 44 55 75 98 12 8 59 77 57 81 19 13 94 70 54 12 15 91 23 90 43 28 30 80 50 27 1 79 4 17 15 40 48 55 77 74 71 78 3 76 83 61 67 62 58 94 78 7 6 66 26 89 64 86 74 57 17 98 88 64 88 22 93 58 98 94 61 87 93 96 94 2 1 94 45 83 26 14 6 21 62 89 7 28 46 79 47 75 82 3 33 73 77 63 35 42 4 18 98 11 41 82 70 100 83 34 84 78 59 58 80 1 57 63 78 27 64 18 48 16 72 70 51 69 8 81 33 95 75 97 59 62 46 65 34 97 5 46 18 79 1 5 7 95 29 28 23 90 30 28 85 4 82 41 6 73 93 23 8 4 54 8 16 16 22 1 36 9 58 34 82 79 79 16 25 51 92 41 20 51 62 72 26 3 88 13 75 51 11 59 77 51 23 38 43 93 56 17 75 40 38 78 4 94 27 43 100 43 74 81 76 20 74 90 70 65 22 17 47 90 62 5 79 90 41 50 23 24 25 2 88 50 98 77 25 21 52 94 10 83 30 33 79 24 93 1 25 53 23 60 97 91 22 44 69 37 40 90 35 60 97 11 51 83 48 97 47 28 48 84 43 71 74 1 43 98 52 28 88 85 15 49 22 54 77 3 14 95 73 84 42 92 35 90 21 3 84 7 74 11 3 74 47 22 89 73 85 19 72 68 91 13 100 20 89 26 12 65 57 62 1 68 59 20 55 31 44 74 16 94 81 78 32 89 77 73 86 86 51 80 79 38 91 55 83 95 59 85 79 90 53 26 24 70 65 1 4 19 76 59 47 67 38 78 80 87 78 98 10 34 97 69 75 23 57 1 48 66 31 49 83 84 47 47 43 41 9 84 94 78 3 21 49 38 76 66 6 2 86 78 58 7 5 80 8 44 15 59 81 98 15 11 19 9 87 41 62 52 42 78 72 57 94 83 90 38 53 65 93 32 32 61 95 64 79 61 34 31 76 46 51 91 36 33 51 80 36 21 5 97 51 78 29 64 18 46 51 79 21 59 82 11 64 88 10 88 77 72 17 52 9 8 41 40 64 9 62 48 60 90 56 3 16 32 76 43 14 74 46 57 23 67 30 8 3 92 20 63 56 39 30 71 33 80 2 70 53 1 93 29 92 40 90 100 26 35 1 89 17 72 24 27 35 28 54 57 69 73 40 26 47 29 13 88 89 99 1 90 41 57 10 41 72 59 84 65 9 34 39 30 16 89 93 54 98 96 99 65 10 28 69 37 30 85 15 82 27 8 50 20 35 51 47 78 69 45 21 14 29 3 9 55 50 89 34 39 49 18 68 10 82 9 62 76 39 77 12 66 22 13 83 59 68 81 63 41 1 65 98 7 4 25 68 40 37 68 96 42 31 62 96 54 70 99 95 34 6 40 16 42 29 93 45 26 74 40 13 53 57 37 34 76 17 26 63 74 68 88 6 91 55 31 30 29 22 90 32 72 93 11 83 31 8 62 62 11 73 41 28 14 84 17 60 29 47 14 44 32 59 9 96 91 63 98 22 32 16 73 18 15 20 71 89 24 80 69 63 61 65 88 24 81 21 33 89 93 7 68 10 53 26 12 98 3 36 68 33 55 46 3 71 40 5 42 43 30 91 84 6 88 87 59 74 38 29 78 39 45 23 99 52 24 98 87 19 2 53 2 40 4 98 96 37 7 11 66 29 47 34 73 13 10 90 14 45 44
0: 4 33 52 68 113 169 173 237 291 297 362 374 377 402 538 681 683 710 763 914 976
1: 102 258 327 524 571 927 930 954
2: 30 50 105 179 206 258 355 442 451 521 538 544 663 730 749 794 994
3: 45 47 75 109 111 114 182 202 230 417 534 673 840
4: 0 15 27 41 85 103 193 404 726 774 860
5: 29 175 299
6: 36 103 650 708
7: 14 132 192 227 259 324 341
8: 22 33 46 590 594
9: 203 551 673 796
10: 28 87 277 896
11: 190 261 508 538 806
12: 31 69 141 176 177 637 740
13: 198 530 632 650 738 805
14: 7 208 213 747
15: 4 74 247 365
16: 70 179 618
17: 77
18: 83 131 263 443 557 658
19: 21 133 686
20: 84
21: 19
22: 8 54 127
23: 35 143 250 336 396 649 919
24: 153 321 487 702
25: 26 35 369 381 398 944
26: 25 482 573 952
27: 4 444
28: 10 142 218 516
29: 5 34 101 317
30: 2 56
31: 12 308 515 537
32: 736 742 896
33: 0 8 696
34: 29 39 110 184 263 545 879 944
35: 23 25 104 223 560
36: 6 322 595
37: 127 135
38: 335 622 810
39: 34 66 118 724
40: 94 507 671 686
41: 4 80 84 209 578
42: 53 83 97 920 937
43: 147 348 542
44: 82 95 270 485
45: 3 617
46: 8 130
47: 3 347
48: 51 96 303 324 390
49: 133 283 345 828
50: 2 514 924
51: 48 64 434 505 510
52: 0
53: 42 692 801 973
54: 22 60 87 853
55: 142
56: 30 149 487
57: 170
58: 325 643 897
59: 221 811
60: 54 188 290
61: 117 451
62: 77 81 156 158 804
63: 97 278 452
64: 51 67 611
65: 159
66: 39 155 236 526 932
67: 64 90 91
68: 0 266 552
69: 12 497 684
70: 16 301 465
71: 162 636 778 994
72: 100 450 791
73: 99 129 264 701
74: 15 86 172
75: 3 79 273 332
76: 131 248 269
77: 17 62 89 98
78: 275 377
79: 75 138
80: 41 92 122 246 399 787
81: 62
82: 44 249
83: 18 42 343
84: 20 41 125 154
85: 4 243 567 620 718
86: 74 220
87: 10 54 286 311 616 902
88: 207 631 898
89: 77 651
90: 67
91: 67 194 196
92: 80 119
93: 128 232 395 593 852
94: 40 180
95: 44 338 405 844 980
96: 48 638 783 971 998
97: 42 63
98: 77 262 589
99: 73 227 433
100: 72 126 137 336 488
101: 29
102: 1 335
103: 4 6 846
104: 35 473
105: 2 145 171 863
106: 146 340 903
107: 184 469 739
108: 228 421
109: 3 112
110: 34 242
111: 3 116 372 626
112: 109 226
113: 0 312 370
114: 3 623
115: 255 265 275 688
116: 111
117: 61 151 293 310
118: 39 183
119: 92 120 251 758
120: 119
121: 231 350 772
122: 80
123: 167 311 769
124: 189 335 411
125: 84 533
126: 100 219
127: 22 37 387
128: 93 397 973
129: 73 144 583
130: 46 200 350
131: 18 76
132: 7
133: 19 49 824
134: 195 530 621
135: 37 288 385 635 665
136: 342 386
137: 100 181 260 553
138: 79 257 406 492
139: 351 380 492 670 876
140: 199 508
141: 12 668
142: 28 55
143: 23 726
144: 129
145: 105
146: 106 420 430 864
147: 43
148: 222 386 635
149: 56 529 865
150: 197 927
151: 117 875
152: 546 845
153: 24 448 737
154: 84 509
155: 66 422 901
156: 62 166 409
157: 280 336 427 790
158: 62 160 165 256
159: 65 253 282 412 822
160: 158 297 895
161: 272 997
162: 71 205
163: 179 727
164: 215
165: 158 410 540
166: 156
167: 123 207
168: 289 297
169: 0
170: 57 236
171: 105 585
172: 74 368
173: 0 174 519
174: 173
175: 5
176: 12 178 786 970
177: 12
178: 176
179: 2 16 163
180: 94 212 719 728
181: 137 328
182: 3 536 887
183: 118
184: 34 107
185: 334 402
186: 320 854
187: 297 306 789
188: 60
189: 124 441 506
190: 11 375 845
191: 332 458 906
192: 7
193: 4 720
194: 91 352 493
195: 134
196: 91
197: 150 233 468
198: 13
199: 140 287 326
200: 130 501
201: 403 601
202: 3 992
203: 9 489
204: 206 554
205: 162 314 777
206: 2 204 279
207: 88 167
208: 14
209: 41 687 823
210: 482 584
211: 414 681
212: 180 748
213: 14
214: 245 256 503 795
215: 164 281 312
216: 579 789
217: 279
218: 28 989
219: 126 564 820
220: 86 568
221: 59 271 329 356 436 623 845
222: 148 729 884
223: 35 569
224: 431 618
225: 563 603
226: 112 491
227: 7 99 836
228: 108 752
229: 472 534 885
230: 3
231: 121
232: 93
233: 197 926
234: 361 865
235: 292 339 500
236: 66 170 239 745 816 849 997
237: 0 418 483
238: 417
239: 236 704 883
240: 727
241: 398 633
242: 110 628
243: 85 274 421
244: 356
245: 214
246: 80 331 999
247: 15
248: 76 445 455 699
249: 82 666
250: 23 453
251: 119
252: 515
253: 159 363 457 513 582
254: 301 407
255: 115
256: 158 214 447
257: 138 755
258: 1 2
259: 7 827 953 993
260: 137
261: 11 542
262: 98
263: 18 34 376
264: 73 837
265: 115 394
266: 68 379
267: 578
268: 285 298 319 585
269: 76
270: 44 541
271: 221
272: 161 528 575 645
273: 75
274: 243 656
275: 78 115 672
276: 304 763 904
277: 10 401
278: 63
279: 206 217 474
280: 157 918
281: 215
282: 159 482
283: 49 460
284: 354 433 642 650
285: 268 459
286: 87 413 577 938
287: 199
288: 135
289: 168 484
290: 60
291: 0 525 880
292: 235 488
293: 117
294: 423
295: 418 572 889
296: 297 614
297: 0 160 168 187 296 428
298: 268 391
299: 5
300: 994
301: 70 254
302: 545 709 871
303: 48
304: 276 323 383 910
305: 433
306: 187
307: 437 545
308: 31 848 931
309: 358 433
310: 117 360
311: 87 123 344
312: 113 215
313: 756
314: 205
315: 346 374
316: 391 486
317: 29
318: 342
319: 268
320: 186 397 576 598 862
321: 24 535
322: 36 539
323: 304 690
324: 7 48
325: 58 713 881
326: 199 392 654
327: 1 438 797
328: 181 366 596
329: 221
330: 351 792
331: 246
332: 75 191 955
333: 564
334: 185 364
335: 38 102 124 725
336: 23 100 157
337: 623 660
338: 95
339: 235
340: 106 578
341: 7
342: 136 318
343: 83 393 706 890 941
344: 311 917
345: 49
346: 315 771
347: 47 561 653
348: 43
349: 427 463
350: 121 130 754 949
351: 139 330
352: 194 680
353: 681 753
354: 284
355: 2
356: 221 244 461
357: 359 407 419 799
358: 309 559 679 703
359: 357 767
360: 310 388
361: 234 432 714
362: 0
363: 253
364: 334
365: 15 462 599
366: 328 629
367: 416 558 793 990
368: 172
369: 25
370: 113 467
371: 423 541 730
372: 111 693
373: 451
374: 0 315 784
375: 190
376: 263 985
377: 0 78
378: 439
379: 266
380: 139
381: 25 893
382: 490 682
383: 304
384: 393 470
385: 135
386: 136 148
387: 127
388: 360 646
389: 541
390: 48 446
391: 298 316 705
392: 326
393: 343 384
394: 265 499
395: 93 476
396: 23
397: 128 320
398: 25 241 426
399: 80
400: 466 577
401: 277
402: 0 185 881
403: 201 481 504 664 949
404: 4
405: 95 566 807
406: 138 471 694
407: 254 357 415 494
408: 529 586 765
409: 156
410: 165
411: 124
412: 159
413: 286 830
414: 211 587 591
415: 407
416: 367 468 762 850
417: 3 238 977
418: 237 295 756
419: 357 477 857
420: 146 523 550
421: 108 243 555
422: 155
423: 294 371
424: 681 721
425: 733 749 775 905
426: 398 454 565
427: 157 349 511
428: 297 495
429: 496 748
430: 146 480
431: 224 464
432: 361 707
433: 99 284 305 309 456
434: 51
435: 480 873
436: 221
437: 307 669
438: 327
439: 378 526
440: 611
441: 189
442: 2 716 936
443: 18
444: 27
445: 248 475 969
446: 390
447: 256
448: 153 732
449: 948
450: 72
451: 2 61 373 986
452: 63 655 798
453: 250
454: 426
455: 248
456: 433 547 988
457: 253 517 981
458: 191
459: 285
460: 283 522
461: 356 648 781 861
462: 365 630
463: 349
464: 431 609
465: 70
466: 400 619 877
467: 370 764
468: 197 416
469: 107 657
470: 384 834
471: 406
472: 229
473: 104
474: 279
475: 445 588
476: 395
477: 419
478: 570 770 787
479: 752 843
480: 430 435 915
481: 403 580 757
482: 26 210 282 498 647 761
483: 237
484: 289 520 858 908
485: 44
486: 316 518
487: 24 56 625
488: 100 292
489: 203
490: 382
491: 226
492: 138 139
493: 194 602 606
494: 407 722
495: 428
496: 429
497: 69 512
498: 482
499: 394 803
500: 235
501: 200
502: 549 610 682 831
503: 214
504: 403
505: 51
506: 189
507: 40 685
508: 11 140 899
509: 154
510: 51 556
511: 427 532
512: 497 788
513: 253
514: 50
515: 31 252 652
516: 28
517: 457
518: 486
519: 173 966
520: 484 527
521: 2
522: 460
523: 420
524: 1
525: 291 639
526: 66 439 600
527: 520
528: 272
529: 149 408
530: 13 134
531: 540
532: 511 825
533: 125
534: 3 229
535: 321
536: 182
537: 31 659
538: 0 2 11
539: 322
540: 165 531
541: 270 371 389 689 961
542: 43 261 624
543: 722
544: 2 662 785
545: 34 302 307
546: 152
547: 456 734
548: 638
549: 502 677
550: 420 605
551: 9 768
552: 68 874
553: 137 661
554: 204 667 759
555: 421
556: 510
557: 18 581
558: 367 809
559: 358 912
560: 35
561: 347
562: 744 937
563: 225 663
564: 219 333
565: 426
566: 405
567: 85
568: 220
569: 223
570: 478
571: 1 634
572: 295
573: 26
574: 756 886
575: 272
576: 320
577: 286 400 641 776
578: 41 267 340 723
579: 216
580: 481 604
581: 557 821
582: 253
583: 129
584: 210
585: 171 268
586: 408
587: 414
588: 475
589: 98
590: 8
591: 414 800
592: 677 914
593: 93 697
594: 8
595: 36
596: 328 695
597: 715 857
598: 320
599: 365 851
600: 526
601: 201
602: 493
603: 225 613
604: 580
605: 550 675
606: 493
607: 624
608: 692
609: 464 922
610: 502 766 842
611: 64 440
612: 899 925
613: 603 832
614: 296 982
615: 618
616: 87
617: 45
618: 16 224 615
619: 466 717
620: 85 735
621: 134
622: 38 978
623: 114 221 337
624: 542 607 907
625: 487
626: 111
627: 779
628: 242 773 868
629: 366 640
630: 462
631: 88
632: 13
633: 241 900
634: 571
635: 135 148
636: 71
637: 12
638: 96 548 741
639: 525 750
640: 629 700
641: 577
642: 284 979
643: 58
644: 937
645: 272
646: 388
647: 482
648: 461 835
649: 23
650: 6 13 284
651: 89 838
652: 515 731 840
653: 347 913
654: 326
655: 452 751
656: 274 963
657: 469
658: 18
659: 537 818 935
660: 337 972
661: 553 829
662: 544 946
663: 2 563 711 960
664: 403
665: 135
666: 249 746
667: 554
668: 141 967
669: 437
670: 139 819
671: 40
672: 275 676
673: 3 9
674: 825
675: 605 698 866
676: 672
677: 549 592 814 911
678: 685
679: 358
680: 352
681: 0 211 353 424
682: 382 502
683: 0
684: 69
685: 507 678
686: 19 40 945 996
687: 209
688: 115 859 916
689: 541
690: 323
691: 961
692: 53 608
693: 372 867
694: 406 815 839 984
695: 596
696: 33
697: 593 965
698: 675 712
699: 248
700: 640 921
701: 73
702: 24
703: 358
704: 239
705: 391 760
706: 343
707: 432
708: 6
709: 302
710: 0 728
711: 663 743
712: 698 995
713: 325
714: 361 779
715: 597
716: 442
717: 619
718: 85
719: 180 892 964
720: 193
721: 424
722: 494 543 841
723: 578
724: 39 855
725: 335
726: 4 143
727: 163 240 847 891
728: 180 710
729: 222
730: 2 371 975
731: 652
732: 448
733: 425 780
734: 547
735: 620
736: 32 813
737: 153
738: 13 948
739: 107
740: 12
741: 638
742: 32
743: 711
744: 562
745: 236 870
746: 666
747: 14
748: 212 429
749: 2 425
750: 639
751: 655
752: 228 479
753: 353
754: 350
755: 257
756: 313 418 574
757: 481 950
758: 119
759: 554 782
760: 705 802
761: 482
762: 416
763: 0 276
764: 467
765: 408
766: 610
767: 359
768: 551
769: 123 987
770: 478
771: 346 888
772: 121
773: 628 923
774: 4
775: 425
776: 577
777: 205 808
778: 71
779: 627 714
780: 733
781: 461
782: 759
783: 96
784: 374
785: 544
786: 176
787: 80 478
788: 512
789: 187 216
790: 157 869
791: 72
792: 330
793: 367
794: 2
795: 214
796: 9 878
797: 327
798: 452 943
799: 357
800: 591
801: 53 817
802: 760 940
803: 499
804: 62
805: 13
806: 11
807: 405
808: 777
809: 558
810: 38 826
811: 59
812: 851
813: 736
814: 677
815: 694
816: 236
817: 801
818: 659 882
819: 670 929
820: 219
821: 581
822: 159
823: 209 856 872
824: 133
825: 532 674 959
826: 810
827: 259
828: 49
829: 661
830: 413
831: 502
832: 613
833: 909
834: 470
835: 648
836: 227
837: 264
838: 651
839: 694
840: 3 652
841: 722
842: 610 928
843: 479
844: 95
845: 152 190 221
846: 103
847: 727
848: 308
849: 236
850: 416
851: 599 812
852: 93
853: 54
854: 186
855: 724
856: 823
857: 419 597
858: 484
859: 688
860: 4
861: 461
862: 320
863: 105
864: 146
865: 149 234
866: 675
867: 693 983
868: 628 939
869: 790
870: 745
871: 302
872: 823 958
873: 435
874: 552
875: 151
876: 139
877: 466
878: 796 894
879: 34 942
880: 291
881: 325 402
882: 818
883: 239
884: 222
885: 229
886: 574 956
887: 182
888: 771
889: 295
890: 343
891: 727
892: 719
893: 381
894: 878
895: 160
896: 10 32
897: 58
898: 88
899: 508 612
900: 633
901: 155
902: 87
903: 106
904: 276
905: 425
906: 191
907: 624
908: 484 962
909: 833 913
910: 304
911: 677
912: 559 957
913: 653 909 968
914: 0 592
915: 480
916: 688
917: 344
918: 280
919: 23
920: 42 991
921: 700
922: 609
923: 773
924: 50
925: 612
926: 233
927: 1 150
928: 842
929: 819 934
930: 1
931: 308
932: 66
933: 943 947
934: 929
935: 659
936: 442
937: 42 562 644
938: 286
939: 868
940: 802
941: 343 951
942: 879
943: 798 933
944: 25 34
945: 686
946: 662
947: 933
948: 449 738
949: 350 403
950: 757
951: 941
952: 26
953: 259
954: 1
955: 332
956: 886
957: 912
958: 872
959: 825
960: 663
961: 541 691
962: 908 974
963: 656
964: 719
965: 697
966: 519
967: 668
968: 913
969: 445
970: 176
971: 96
972: 660
973: 53 128
974: 962
975: 730
976: 0
977: 417
978: 622
979: 642
980: 95
981: 457
982: 614
983: 867
984: 694
985: 376
986: 451
987: 769
988: 456
989: 218
990: 367
991: 920
992: 202
993: 259
994: 2 71 300
995: 712
996: 686
997: 161 236
998: 96
999: 246