500 4

69 55 89 44 3 42 31 96 66 57 4 31 71 60 35 76 87 90 6 6 23 54 76 8 56 3 90 41 12 56 55 15 28 2 3 11 29 38 77 13 34 36 84 45 37 33 60 38 67 74 30 92 54 66 85 81 84 50 17 3 59 42 4 33 9 15 77 20 6 3 23 5 88 98 39 6 86 20 93 62 20 92 11 85 11 46 5 55 67 21 47 95 85 8 15 91 36 71 17 69 39 44 61 70 34 47 28 28 38 86 28 66 49 43 85 47 70 54 84 16 32 72 66 16 31 16 93 4 23 5 54 19 43 85 90 28 99 77 65 77 93 8 25 45 67 39 71 83 94 24 98 26 89 33 82 95 13 36 32 59 86 42 55 74 95 80 74 31 85 67 72 96 91 34 64 6 65 82 91 54 94 17 24 47 76 59 19 9 68 93 42 51 86 76 80 81 65 90 10 92 25 7 47 52 94 7 7 91 83 9 58 61 64 41 95 47 37 56 79 46 54 53 62 85 72 25 35 25 8 50 28 38 67 27 85 25 95 11 51 46 95 34 81 31 87 41 19 85 65 77 18 17 85 27 55 90 62 16 90 11 85 70 12 95 53 45 31 72 48 82 74 23 42 72 52 63 23 62 74 76 30 24 40 40 77 26 88 86 94 16 17 61 22 87 13 27 89 66 24 41 85 2 14 94 31 5 57 78 18 33 36 31 30 70 80 40 34 100 8 47 47 69 35 16 41 58 54 11 14 83 72 49 88 10 4 15 83 33 19 19 77 32 69 82 34 16 24 28 89 92 97 64 73 47 72 75 7 5 18 82 86 22 27 85 61 66 12 100 15 43 62 34 81 93 4 69 67 97 31 17 92 6 73 52 99 66 34 22 31 17 63 71 66 19 81 24 66 49 29 94 67 56 96 32 31 70 86 98 19 70 18 41 93 15 53 93 37 49 10 7 91 8 32 86 40 73 43 92 29 45 62 26 84 87 33 26 58 99 51 28 15 57 66 86 96 27 74 25 27 83 57 80 99 25 74 78 45 43 86 98 13 100 16 100 89 58 52 68 83 41 82 20 12 76 41 44 42 97 1 52 15 1 90 52 54 5 16 17 41 61 68 18 91 45 55 83 33 31 43 52
0: 47 80 93 103 146 193 250 292 300 302 401 408 490
1: 9 47 59 88 213 222 289 373 453
2: 15 53 69 117 197 325 382 392 395
3: 36 395
4: 39
5: 18 62 80 291 440
6: 7 35 174 352
7: 6 12 38 51 58 173 195 441
8: 9 14
9: 1 8 10 11 60 102 154 385
10: 9 46 277
11: 9 30 110 330 369
12: 7 169 251
13: 23 434
14: 8 32 42 97 225
15: 2 17 106 295 306
16: 72 79 190 408
17: 15 24 50 112 171 176
18: 5 75 101
19: 47 205
20: 68 107 196
21: 75 100
22: 46
23: 13 27 29 96 140 186 383
24: 17 105 121
25: 43 124 278 479
26: 28 61 124 210
27: 23 31 63 206
28: 26 85 193 426
29: 23
30: 11 64 70 123
31: 27 33 71
32: 14 83 157
33: 31 37 485
34: 141 219
35: 6 84 260
36: 3 347
37: 33 334 384
38: 7 90 249 484
39: 4 155 259 395
40: 63 143
41: 59 138 345 366
42: 14 55 202
43: 25 273
44: 52 143
45: 66 198
46: 10 22 139 182
47: 0 1 19 108 333
48: 49 114 254 395
49: 48
50: 17 136 416
51: 7 89
52: 44 456
53: 2 252 403 454
54: 485
55: 42 293
56: 167 320
57: 113 242 289
58: 7 87 94 214 265 424 443
59: 1 41 478
60: 9 99 120 125 130 299 467
61: 26 153 286 337
62: 5
63: 27 40 360
64: 30
65: 206 296 320
66: 45 191 241 276 491
67: 154
68: 20 129
69: 2 163 389
70: 30 86
71: 31 307 313 407 433
72: 16
73: 104 344 441
74: 294 299
75: 18 21 95 224
76: 108 215
77: 111 244
78: 218 317
79: 16 211 257 451
80: 0 5 159 165 181 275
81: 148 221 395 408
82: 219 226 306
83: 32 122
84: 35 231
85: 28 115 400
86: 70 462
87: 58
88: 1
89: 51 217 497
90: 38 192
91: 151 365 473
92: 188 289
93: 0 132 144
94: 58 338
95: 75
96: 23 174 187 188 240
97: 14 142 145 266 297
98: 149 300 309 410
99: 60
100: 21 212
101: 18 355 364
102: 9
103: 0 270
104: 73 261
105: 24 152
106: 15 324
107: 20 264
108: 47 76 247
109: 189
110: 11 303 368
111: 77 135 387
112: 17 458
113: 57 317
114: 48 437
115: 85 488
116: 323 395
117: 2 281
118: 219
119: 270
120: 60 161
121: 24 475
122: 83 422
123: 30 308
124: 25 26 472
125: 60 245
126: 127
127: 126 432 490
128: 170
129: 68
130: 60 233
131: 269 462
132: 93 379
133: 345
134: 189 304
135: 111
136: 50
137: 155
138: 41 179 203 248
139: 46 365 398
140: 23 168
141: 34 341
142: 97
143: 40 44 452
144: 93 353
145: 97
146: 0 200 227
147: 331
148: 81
149: 98 399
150: 242
151: 91
152: 105 256
153: 61 172
154: 9 67 448 483
155: 39 137 284 372
156: 209 259 326
157: 32 177
158: 210
159: 80
160: 259
161: 120 288
162: 272 490
163: 69
164: 437 463
165: 80 199 246
166: 462
167: 56 262
168: 140 354
169: 12 336 411
170: 128 334
171: 17 183 232 350
172: 153 196 314
173: 7
174: 6 96 253 357
175: 332
176: 17 343 423
177: 157 351
178: 186
179: 138 495
180: 365 457
181: 80
182: 46 185
183: 171
184: 278
185: 182 319
186: 23 178
187: 96 396
188: 92 96
189: 109 134 254 499
190: 16
191: 66 204 290 346 430 464
192: 90 220 228
193: 0 28
194: 381 407
195: 7
196: 20 172 271
197: 2 469
198: 45 434
199: 165
200: 146 489
201: 282 395
202: 42
203: 138
204: 191 268 419
205: 19
206: 27 65 315
207: 353
208: 217
209: 156 439
210: 26 158 374 496
211: 79 363
212: 100
213: 1 329
214: 58
215: 76
216: 233
217: 89 208
218: 78 230 386 447
219: 34 82 118 312 362
220: 192
221: 81
222: 1
223: 258 392
224: 75 234
225: 14
226: 82
227: 146
228: 192
229: 395
230: 218 397 444
231: 84
232: 171
233: 130 216
234: 224
235: 395
236: 285 462
237: 319
238: 408
239: 367 429
240: 96 349
241: 66
242: 57 150
243: 490
244: 77 301 470 493
245: 125
246: 165
247: 108
248: 138
249: 38
250: 0
251: 12 342
252: 53
253: 174
254: 48 189
255: 355 390 449
256: 152
257: 79 305
258: 223 367
259: 39 156 160 267
260: 35 446
261: 104
262: 167 340
263: 469
264: 107
265: 58 361
266: 97
267: 259 420
268: 204
269: 131 482
270: 103 119 376
271: 196 280
272: 162
273: 43
274: 283 287 368 465
275: 80
276: 66 322
277: 10 436
278: 25 184 409 421
279: 358 494
280: 271
281: 117 413
282: 201
283: 274 328
284: 155 348
285: 236
286: 61
287: 274
288: 161 477
289: 1 57 92 438 487
290: 191 327
291: 5 356
292: 0
293: 55 359
294: 74
295: 15
296: 65
297: 97 417
298: 319 321
299: 60 74 339
300: 0 98 405
301: 244 408
302: 0 393
303: 110 335
304: 134
305: 257
306: 15 82
307: 71
308: 123
309: 98
310: 428 468
311: 365
312: 219
313: 71 375
314: 172 316
315: 206
316: 314
317: 78 113 380
318: 349
319: 185 237 298
320: 56 65 391 402
321: 298
322: 276
323: 116
324: 106
325: 2
326: 156
327: 290
328: 283 377
329: 213
330: 11
331: 147 478
332: 175 485
333: 47
334: 37 170
335: 303
336: 169 388
337: 61 466
338: 94 418 468
339: 299
340: 262
341: 141 461
342: 251
343: 176
344: 73
345: 41 133 442
346: 191
347: 36
348: 284
349: 240 318
350: 171
351: 177
352: 6
353: 144 207
354: 168
355: 101 255
356: 291 371 492
357: 174
358: 279 471 486
359: 293 370
360: 63
361: 265
362: 219
363: 211
364: 101
365: 91 139 180 311 406
366: 41
367: 239 258
368: 110 274 435
369: 11
370: 359
371: 356
372: 155
373: 1 378
374: 210
375: 313
376: 270
377: 328 427
378: 373
379: 132
380: 317
381: 194
382: 2
383: 23
384: 37
385: 9 480
386: 218
387: 111
388: 336
389: 69
390: 255 498
391: 320 394
392: 2 223
393: 302
394: 391
395: 2 3 39 48 81 116 201 229 235
396: 187 425
397: 230
398: 139
399: 149
400: 85
401: 0 481
402: 320 412
403: 53
404: 452 455
405: 300 414
406: 365
407: 71 194
408: 0 16 81 238 301
409: 278
410: 98
411: 169
412: 402 460
413: 281 474
414: 405
415: 429
416: 50 431
417: 297
418: 338
419: 204
420: 267 445
421: 278
422: 122
423: 176
424: 58
425: 396
426: 28 450
427: 377
428: 310
429: 239 415
430: 191
431: 416
432: 127
433: 71
434: 13 198
435: 368
436: 277
437: 114 164
438: 289
439: 209
440: 5
441: 7 73
442: 345 476
443: 58
444: 230
445: 420
446: 260
447: 218 459
448: 154
449: 255
450: 426
451: 79
452: 143 404
453: 1
454: 53
455: 404
456: 52
457: 180
458: 112
459: 447
460: 412
461: 341
462: 86 131 166 236
463: 164
464: 191
465: 274
466: 337
467: 60
468: 310 338
469: 197 263
470: 244
471: 358
472: 124
473: 91
474: 413
475: 121
476: 442
477: 288
478: 59 331
479: 25
480: 385
481: 401
482: 269
483: 154
484: 38
485: 33 54 332
486: 358
487: 289
488: 115
489: 200
490: 0 127 162 243 494
491: 66
492: 356
493: 244
494: 279 490
495: 179
496: 210
497: 89
498: 390
499: 189