500 3

24 67 84 64 58 67 60 32 95 14 57 90 34 31 14 81 38 45 26 41 70 97 76 29 99 30 33 30 35 30 96 71 92 22 93 26 31 93 80 25 38 13 80 41 11 54 99 42 2 18 58 45 99 37 39 33 69 6 16 58 51 18 77 8 20 7 34 43 60 33 68 38 30 66 55 96 30 64 37 72 57 64 14 69 79 95 93 2 4 96 16 71 8 3 91 4 72 85 18 54 96 26 68 9 93 80 69 71 14 93 23 21 64 76 1 58 6 25 57 98 97 83 25 62 13 95 55 100 26 40 62 99 19 99 63 45 18 53 61 56 86 21 3 22 51 32 43 2 3 45 41 52 87 24 26 94 12 26 73 83 61 31 19 31 79 74 32 76 20 34 88 61 29 44 70 3 70 55 32 89 29 49 99 38 71 32 48 55 31 63 82 75 10 38 63 78 75 24 51 98 66 48 97 83 20 42 5 35 49 10 50 24 16 24 15 99 25 29 77 87 67 41 70 36 72 56 22 43 85 21 4 36 82 42 81 97 51 73 27 55 39 54 100 18 100 67 68 38 88 92 13 28 6 23 34 55 95 93 75 84 17 78 75 68 38 82 50 16 31 95 68 28 38 51 38 83 39 32 66 80 66 70 90 68 77 18 63 33 96 58 40 5 30 62 92 45 28 29 49 31 58 5 78 14 92 91 88 20 91 3 49 47 88 85 12 78 61 54 51 66 43 67 92 82 96 81 11 38 63 75 12 100 92 23 86 29 54 4 8 91 51 12 2 20 93 60 11 87 92 8 32 5 51 35 20 42 42 26 36 69 15 15 17 64 30 45 60 40 5 42 69 8 43 83 65 37 95 75 16 64 43 5 78 32 7 6 78 89 82 70 96 29 79 89 65 3 39 27 22 91 66 25 90 25 60 35 51 63 6 71 42 39 87 52 5 69 12 73 4 16 19 19 64 19 49 74 34 98 85 15 43 67 77 37 97 46 16 90 66 18 55 21 99 76 2 54 56 3 44 23 83 6 16 63 51 84 86 84 90 10 80 19 87 11 96 52 40 66 16 89 45 66 90 37 7 94 6 96 67 85 54 15 50 84 35 60 35 46 59 12 1 44 36 34 83 91 19 3 71 67
0: 20 41 103 193 205 250 292 306 401 490
1: 19 47 81 148 289 299 373
2: 6 69 197 325 382
3: 36 201 395
4: 10 213
5: 10 18 62 356 440
6: 2 23 35 73 126 441
7: 12 38 51 96 173 195 424 478
8: 14 93 227
9: 74 80 154 385
10: 4 5 22 46 49 172 205 229
11: 30 72 110 330 369
12: 7 169 251
13: 41 45 198 434
14: 8 32 97 225
15: 17 106 112 295 306 392
16: 79 190 408
17: 15 24 50 171 176
18: 5 21 75 101
19: 1 302
20: 0 68 107
21: 18 100
22: 10 277
23: 6 31 59 140 178 186 383
24: 17 105 121
25: 124 184 479
26: 124 158
27: 31 56 63 65
28: 57 85 426
29: 133
30: 11 64 123
31: 23 27 33
32: 14 83 157
33: 31 37 54 71
34: 82 141 306
35: 6 84 260
36: 3 347
37: 33 128 384
38: 7 90 249 484
39: 137 156 160 395
40: 63
41: 0 13 52 138 345 366
42: 55 202
43: 96 273
44: 52 143
45: 13
46: 10 180 182 237
47: 1 76 108 333 382
48: 109 114 196 395
49: 10 109
50: 17 136 416
51: 7 89
52: 41 44 456
53: 252 403 453 454
54: 33 485
55: 42 157 293
56: 27 167 320
57: 28 113 124 242 374 438
58: 87 94 265 424 443
59: 23
60: 99 120 125 130 299 467
61: 92 286 337
62: 5
63: 27 40 206 360
64: 30 70
65: 27 296
66: 191 241 276 491
67: 154
68: 20 129
69: 2 163 389
70: 64 86
71: 33 194 307 313 407 433
72: 11
73: 6 344 352
74: 9 102 294 369
75: 18 95 224
76: 47 215
77: 244
78: 210 218 374
79: 16 211 257 451
80: 9 159 165 181 275
81: 1 221
82: 34 219 222 226
83: 32 122
84: 35 231
85: 28 115 400
86: 70 131 462
87: 58
88: 205
89: 51 208 497
90: 38 192
91: 151 365
92: 61 289
93: 8 132 144
94: 58 214 310 338
95: 75
96: 7 43 174 187 188
97: 14 142 145 266 297
98: 149 196 300 309 410
99: 60
100: 21 212
101: 18 255 355 364
102: 74 299
103: 0 119 144
104: 261 441
105: 24 152
106: 15 324
107: 20 264
108: 47 247
109: 48 49 304
110: 11 274 368
111: 147 148 244 387
112: 15 458
113: 57
114: 48 437
115: 85 488
116: 395
117: 413
118: 219
119: 103 270 353
120: 60 161
121: 24 475
122: 83 422
123: 30 308
124: 25 26 57 150 472
125: 60 245
126: 6
127: 162 432
128: 37 334
129: 68
130: 60 216 233
131: 86 269
132: 93 379
133: 29 345
134: 189
135: 147
136: 50
137: 39 155
138: 41 179 203 248
139: 365 398
140: 23 168
141: 34 341
142: 97
143: 44 404 452
144: 93 103 207
145: 97
146: 200 227
147: 111 135 331
148: 1 111 238
149: 98 399
150: 124
151: 91
152: 105 256
153: 172
154: 9 67 448 483
155: 137 348 372
156: 39 209 259 326
157: 32 55 177
158: 26
159: 80
160: 39
161: 120 288
162: 127 243 272 490
163: 69
164: 437 463
165: 80 199 246
166: 236
167: 56 262
168: 140 354
169: 12 336 411
170: 334
171: 17 183 232 350
172: 10 153 314 325
173: 7
174: 96 253 357
175: 332
176: 17 343 423
177: 157 351
178: 23
179: 138 495
180: 46 365 457
181: 80
182: 46 185
183: 171
184: 25 278
185: 182 298 319
186: 23
187: 96 210 317 396
188: 96 240
189: 134 254 499
190: 16
191: 66 204 346 430 464
192: 90 220 228
193: 0
194: 71 381
195: 7
196: 48 98 254 271
197: 2 263
198: 13 491
199: 165
200: 146 489
201: 3 282
202: 42
203: 138
204: 191 268 290 419
205: 0 10 88
206: 63 315
207: 144
208: 89 217
209: 156 439
210: 78 187 496
211: 79 363
212: 100
213: 4 329
214: 94
215: 76
216: 130
217: 208
218: 78 230 386 447
219: 82 118 312 362
220: 192
221: 81
222: 82
223: 239 392
224: 75 234
225: 14
226: 82
227: 8 146
228: 192
229: 10
230: 218 397 444
231: 84
232: 171
233: 130
234: 224
235: 395
236: 166 285 462
237: 46
238: 148
239: 223 367
240: 188 349
241: 66
242: 57
243: 162
244: 77 111 301 408 470
245: 125
246: 165
247: 108
248: 138
249: 38
250: 0
251: 12 342
252: 53
253: 174
254: 189 196
255: 101 390 449
256: 152
257: 79 305
258: 367
259: 156 267
260: 35 446
261: 104
262: 167 340
263: 197 469
264: 107
265: 58 361
266: 97
267: 259 420
268: 204
269: 131 482
270: 119 376
271: 196 280
272: 162
273: 43
274: 110 287 465
275: 80
276: 66 322
277: 22 436
278: 184 409 421
279: 471 490
280: 271
281: 382 413
282: 201
283: 328 368 377
284: 348
285: 236
286: 61
287: 274
288: 161 477
289: 1 92 438 487
290: 204 327
291: 356 371
292: 0
293: 55 359
294: 74
295: 15
296: 65
297: 97 417
298: 185 321
299: 1 60 102 339
300: 98 405
301: 244
302: 19 393
303: 335 368
304: 109
305: 257
306: 0 15 34
307: 71
308: 123
309: 98
310: 94 428
311: 365
312: 219
313: 71 375
314: 172 316
315: 206
316: 314
317: 187
318: 349
319: 185
320: 56 391 402
321: 298
322: 276
323: 395
324: 106
325: 2 172 453
326: 156
327: 290
328: 283
329: 213
330: 11
331: 147
332: 175 485
333: 47
334: 128 170
335: 303
336: 169 388
337: 61 466
338: 94 418 468
339: 299
340: 262
341: 141 461
342: 251
343: 176
344: 73
345: 41 133 442
346: 191
347: 36
348: 155 284
349: 240 318
350: 171
351: 177
352: 73
353: 119
354: 168
355: 101
356: 5 291 492
357: 174
358: 471 486
359: 293 370
360: 63
361: 265
362: 219
363: 211
364: 101
365: 91 139 180 311 406
366: 41
367: 239 258 415 429
368: 110 283 303 435
369: 11 74
370: 359
371: 291
372: 155
373: 1 378
374: 57 78
375: 313
376: 270
377: 283 427
378: 373
379: 132
380: 425
381: 194
382: 2 47 281
383: 23
384: 37
385: 9 480
386: 218
387: 111
388: 336
389: 69
390: 255 498
391: 320 394
392: 15 223
393: 302
394: 391
395: 3 39 48 116 235 323
396: 187 425
397: 230
398: 139 473
399: 149
400: 85
401: 0 481
402: 320 412
403: 53
404: 143 455
405: 300 414
406: 365
407: 71
408: 16 244
409: 278
410: 98
411: 169
412: 402 460
413: 117 281 474
414: 405
415: 367
416: 50 431
417: 297
418: 338
419: 204
420: 267 445
421: 278
422: 122
423: 176
424: 7 58
425: 380 396
426: 28 450
427: 377
428: 310
429: 367
430: 191
431: 416
432: 127
433: 71
434: 13
435: 368
436: 277
437: 114 164
438: 57 289
439: 209
440: 5
441: 6 104
442: 345 476
443: 58
444: 230
445: 420
446: 260
447: 218 459
448: 154
449: 255
450: 426
451: 79
452: 143
453: 53 325
454: 53
455: 404
456: 52
457: 180
458: 112
459: 447
460: 412
461: 341
462: 86 236
463: 164
464: 191
465: 274
466: 337
467: 60
468: 338
469: 263
470: 244 493
471: 279 358
472: 124
473: 398
474: 413
475: 121
476: 442
477: 288
478: 7
479: 25
480: 385
481: 401
482: 269
483: 154
484: 38
485: 54 332
486: 358
487: 289
488: 115
489: 200
490: 0 162 279 494
491: 66 198
492: 356
493: 470
494: 490
495: 179
496: 210
497: 89
498: 390
499: 189