500 2

4 72 21 44 82 16 41 36 46 38 32 39 57 57 21 53 52 84 38 20 68 97 27 19 51 45 66 56 90 64 60 69 82 74 23 74 60 16 97 5 27 68 60 77 28 92 32 81 17 8 40 10 4 71 64 7 96 75 55 62 66 4 51 95 45 79 11 9 12 31 45 77 29 57 53 17 33 65 67 77 58 80 5 38 3 22 89 4 51 52 11 80 25 71 94 15 3 26 39 8 25 48 22 58 43 26 49 96 62 59 18 56 62 33 16 27 93 16 15 69 62 26 27 87 30 45 72 40 39 71 60 36 67 57 32 94 79 3 10 66 93 79 44 37 26 94 43 42 32 66 90 39 58 64 53 70 46 7 84 36 51 79 27 29 94 98 27 34 52 5 86 58 77 73 63 45 32 30 82 48 96 37 21 55 37 44 4 62 61 75 38 91 89 97 5 88 23 98 32 40 64 6 91 35 47 98 15 34 87 36 9 64 1 44 7 48 96 54 57 98 78 12 59 91 58 35 87 76 94 11 69 20 43 21 9 16 54 72 6 35 61 92 77 69 83 67 51 75 20 9 90 22 88 83 49 72 67 16 30 87 96 53 99 64 22 18 14 68 32 10 63 38 57 54 48 56 50 24 32 81 55 6 64 46 26 60 22 1 7 13 56 78 31 17 65 81 53 84 74 44 15 58 65 48 62 36 97 31 58 81 68 21 88 12 21 50 77 90 1 3 18 59 58 38 22 61 57 50 51 49 92 35 25 52 76 18 72 1 22 33 59 67 28 74 87 97 72 33 43 89 80 47 31 49 50 33 10 22 98 26 81 47 77 45 27 18 6 60 98 80 98 33 75 49 41 9 49 20 32 29 75 31 75 13 10 77 16 90 41 68 32 99 27 98 44 52 58 77 24 47 30 100 67 53 55 84 65 86 88 75 74 59 77 22 38 97 55 38 1 39 87 48 31 22 78 89 58 34 29 93 97 37 55 31 44 64 24 79 3 34 86 26 7 85 12 73 19 18 47 25 74 51 91 30 28 61 74 14 14 28 46 78 65 26 16 76 18 38 10 23 87 19 50 97 94 78 8 67 78 10 60 91 46 37 80 64 80 87 8 9 11 71 23 90 54 46 64 5 60 73
0: 8 9 98 146 205 250 292 302 306 395 401
1: 3 9 59 81 88 373 408
2: 23 69 143 197 325 382 392
3: 1 201
4: 213
5: 9 18 62 291 440
6: 13 35 126 173 174 352
7: 12 38 51 96 195 424 441
8: 0 14 93 227
9: 0 1 5 60 74 385
10: 36 172 229 277
11: 30 72 110 330 369
12: 7 169 251
13: 6 434
14: 8 32 97 157 225
15: 17 34 106 223 295
16: 72 79 190
17: 15 24 50 112 171 176 423
18: 5 75 355
19: 302
20: 68 107 196
21: 75 100
22: 46 48 213
23: 2 29 63 178 186 383
24: 17 105 121
25: 26 124 174 184 278 479
26: 25 28 61 92
27: 63 65 140 300
28: 26 57 85 193 426
29: 23 133 345
30: 11 70 123
31: 33 41 71
32: 14 83
33: 31 37 54 485
34: 15 141 219
35: 6 84 260
36: 10 347
37: 33 128 334 384
38: 7 90 249 484
39: 137 155 160 213 259
40: 41 140
41: 31 40 138 366
42: 157 202
43: 96 273
44: 52 143
45: 198
46: 22 139 180 237
47: 76 108 333
48: 22 49 196
49: 48 109 395
50: 17 136 416
51: 7 89 478
52: 44 456
53: 252 403 453 454
54: 33 175 332
55: 157 293
56: 65 167
57: 28 78 113 374 438
58: 87 214 265 424 443
59: 1 147 478
60: 9 99 120 125 130 467
61: 26 286 337
62: 5
63: 23 27 360
64: 70
65: 27 56 296 320
66: 191 198 276 491
67: 154
68: 20 129
69: 2 163 389
70: 30 64 86
71: 31 194 307 313 433
72: 11 16
73: 104 344 441
74: 9 294
75: 18 21 95 224
76: 47 215
77: 244
78: 57 218
79: 16 211 257 451
80: 159 165 181 275 401
81: 1 148 221
82: 118 219 222 226 306
83: 32 122
84: 35 231
85: 28 115 400
86: 70 131
87: 58
88: 1
89: 51 208 217 497
90: 38 192
91: 151 180 473
92: 26 96 289
93: 8 132 144
94: 214 310 338 468
95: 75
96: 7 43 92 187 188 240
97: 14 142 266 297
98: 0 149 309 410
99: 60
100: 21 212
101: 355 364
102: 299
103: 144
104: 73 261
105: 24 152
106: 15 324
107: 20 264
108: 47 247
109: 49 254
110: 11 274
111: 135 387
112: 17 458
113: 57 317
114: 254 437
115: 85 488
116: 235
117: 281
118: 82
119: 270 353
120: 60 161
121: 24 475
122: 83 422
123: 30 308
124: 25 150 242 472
125: 60 245
126: 6 127 490
127: 126 162 279 432
128: 37 170
129: 68
130: 60 216 233
131: 86 269 462
132: 93 379
133: 29
134: 189 304 395
135: 111 147
136: 50
137: 39
138: 41 179 203 248
139: 46 398
140: 27 40 168
141: 34 461
142: 97
143: 2 44 404
144: 93 103 207 353
145: 297
146: 0 200
147: 59 135
148: 81 244 301
149: 98 399
150: 124
151: 91
152: 105 256
153: 172
154: 67 299 448 483
155: 39 284 372
156: 160 209 326
157: 14 42 55 177
158: 210
159: 80
160: 39 156
161: 120 288
162: 127 243 272
163: 69
164: 437 463
165: 80 199 246
166: 236 462
167: 56 262
168: 140 354
169: 12 336 411
170: 128
171: 17 183 232 350
172: 10 153 196 314 325
173: 6
174: 6 25 253 357
175: 54
176: 17 343
177: 157 351
178: 23
179: 138 495
180: 46 91 311 365 457
181: 80
182: 185
183: 171
184: 25
185: 182 298
186: 23
187: 96 210
188: 96
189: 134 499
190: 16
191: 66 241 290 346 430 464
192: 90 220 228
193: 28
194: 71 381 407
195: 7
196: 20 48 172 271
197: 2 263 469
198: 45 66 434
199: 165
200: 146 489
201: 3 282
202: 42
203: 138
204: 268 290 419
205: 0
206: 315 320
207: 144
208: 89
209: 156 439
210: 158 187 496
211: 79 363
212: 100
213: 4 22 39 329
214: 58 94
215: 76
216: 130
217: 89
218: 78 230 386 447
219: 34 82 312 362
220: 192
221: 81
222: 82
223: 15 239 258
224: 75 234
225: 14
226: 82
227: 8
228: 192
229: 10
230: 218 397 444
231: 84
232: 171
233: 130
234: 224
235: 116 395
236: 166 285
237: 46 319
238: 408
239: 223 429
240: 96 318 349
241: 191
242: 124
243: 162
244: 77 148 470
245: 125
246: 165
247: 108
248: 138
249: 38
250: 0
251: 12 342
252: 53
253: 174
254: 109 114
255: 355 390 449
256: 152
257: 79 305
258: 223
259: 39 267
260: 35 446
261: 104
262: 167 340
263: 197
264: 107
265: 58 361
266: 97
267: 259 420
268: 204
269: 131 482
270: 119 376
271: 196 280
272: 162
273: 43
274: 110 283 287 303 465
275: 80
276: 66 322
277: 10 436
278: 25 409 421
279: 127 358
280: 271
281: 117 382 413
282: 201
283: 274 328 377
284: 155 348
285: 236
286: 61
287: 274
288: 161 477
289: 92 487
290: 191 204 327
291: 5 356 371
292: 0
293: 55 359
294: 74 369
295: 15
296: 65
297: 97 145 417
298: 185 319 321
299: 102 154 339 369
300: 27 405
301: 148
302: 0 19 393
303: 274 335 368
304: 134
305: 257
306: 0 82
307: 71
308: 123
309: 98
310: 94 428
311: 180
312: 219
313: 71 375
314: 172 316
315: 206
316: 314
317: 113 396
318: 240
319: 237 298
320: 65 206 391 402
321: 298
322: 276
323: 395
324: 106
325: 2 172 453
326: 156
327: 290
328: 283
329: 213
330: 11
331: 478
332: 54
333: 47 382
334: 37
335: 303
336: 169 388
337: 61 466
338: 94 418
339: 299
340: 262
341: 461
342: 251
343: 176
344: 73
345: 29 442
346: 191
347: 36
348: 284
349: 240
350: 171
351: 177
352: 6
353: 119 144
354: 168
355: 18 101 255
356: 291 492
357: 174
358: 279 471 486
359: 293 370
360: 63
361: 265
362: 219
363: 211
364: 101
365: 180 406
366: 41
367: 415
368: 303 435
369: 11 294 299
370: 359
371: 291
372: 155
373: 1 378
374: 57
375: 313
376: 270
377: 283 427
378: 373
379: 132
380: 396
381: 194
382: 2 281 333
383: 23
384: 37
385: 9 480
386: 218
387: 111
388: 336
389: 69
390: 255 498
391: 320 394
392: 2
393: 302
394: 391
395: 0 49 134 235 323
396: 317 380 425
397: 230
398: 139
399: 149
400: 85
401: 0 80 481
402: 320 412
403: 53
404: 143 452 455
405: 300 414
406: 365
407: 194
408: 1 238
409: 278
410: 98
411: 169
412: 402 460
413: 281 474
414: 405
415: 367 429
416: 50 431
417: 297
418: 338
419: 204
420: 267 445
421: 278
422: 122
423: 17
424: 7 58
425: 396
426: 28 450
427: 377
428: 310
429: 239 415
430: 191
431: 416
432: 127
433: 71
434: 13 198
435: 368
436: 277
437: 114 164
438: 57
439: 209
440: 5
441: 7 73
442: 345 476
443: 58
444: 230
445: 420
446: 260
447: 218 459
448: 154
449: 255
450: 426
451: 79
452: 404
453: 53 325
454: 53
455: 404
456: 52
457: 180
458: 112
459: 447
460: 412
461: 141 341
462: 131 166
463: 164
464: 191
465: 274
466: 337
467: 60
468: 94
469: 197
470: 244 493
471: 358
472: 124
473: 91
474: 413
475: 121
476: 442
477: 288
478: 51 59 331
479: 25
480: 385
481: 401
482: 269
483: 154
484: 38
485: 33
486: 358
487: 289
488: 115
489: 200
490: 126 494
491: 66
492: 356
493: 470
494: 490
495: 179
496: 210
497: 89
498: 390
499: 189