250 5

74 62 39 16 92 50 42 96 16 97 85 25 33 97 83 1 37 92 99 53 10 38 62 21 10 42 27 6 23 44 57 61 83 12 95 87 54 97 52 99 79 74 4 41 4 33 10 31 16 43 94 37 55 68 51 33 11 8 89 81 98 40 72 15 11 6 53 46 70 27 10 45 90 94 26 17 6 47 33 37 39 51 46 30 97 16 11 26 54 24 42 82 42 8 30 36 55 93 26 63 52 69 1 13 88 86 6 61 40 65 70 69 10 77 77 74 92 66 93 1 42 45 48 17 3 9 74 46 34 26 81 100 88 88 38 86 6 31 21 43 89 15 96 89 83 22 23 72 9 43 9 8 67 93 73 81 93 67 70 98 59 39 62 8 66 40 12 97 58 60 57 35 21 12 56 55 90 68 29 29 100 20 78 24 3 72 52 42 1 71 49 52 5 14 39 63 38 77 15 60 10 42 79 42 26 57 81 22 2 92 63 27 49 86 56 93 44 6 76 12 48 96 38 24 31 37 28 5 89 66 24 84 9 32 48 78 60 60 44 97 23 11 32 3 80 74 4 50 88 95
0: 1 37 111 116 122 142 215
1: 0 13 45 62 103 158 204
2: 5 10 35 143
3: 6 7 9 15 19 54 124 167
4: 20 128 170
5: 2 125 126
6: 3 146
7: 3 34 101 127 221
8: 23 49
9: 3
10: 2 47 51 55
11: 12 174
12: 11 213
13: 1 24 102 133 190 222
14: 16 79 202 203
15: 3 29 80 88 242
16: 14 74 85 135 190
17: 25 80 90 154
18: 22 67 112 127
19: 3 121 236
20: 4 28 39
21: 36 120 212
22: 18 26 69 92
23: 8 40 42 123
24: 13
25: 17 48 113 161 217
26: 22 110
27: 140 143 148 193 220 230
28: 20 121
29: 15 84 156
30: 37 59
31: 108 109
32: 115
33: 98 114 176 179 206
34: 7 83
35: 2
36: 21 43 205
37: 0 30 100 138
38: 44 62 118 218
39: 20 61 244
40: 23 104
41: 97 233
42: 23 152 186
43: 36 63
44: 38 183
45: 1 76
46: 193
47: 10 64 65
48: 25 141
49: 8 196 246
50: 245
51: 10 53 58
52: 135
53: 51
54: 3 56
55: 10 62 95
56: 54
57: 62
58: 51 249
59: 30 72 91
60: 62 94
61: 39
62: 1 38 55 57 60 68 75 245
63: 43
64: 47 130
65: 47 82
66: 119 172 174
67: 18 106 160
68: 62 70
69: 22
70: 68 207
71: 135
72: 59 231
73: 107 139
74: 16
75: 62 127
76: 45
77: 81 204
78: 89 102 169 240 243
79: 14
80: 15 17 178
81: 77 168 185
82: 65 247
83: 34 228
84: 29
85: 16
86: 89 96 147
87: 105 188
88: 15 99
89: 78 86 93
90: 17
91: 59 200
92: 22
93: 89 223
94: 60 163 198
95: 55
96: 86
97: 41 102
98: 33 193
99: 88 181 209
100: 37 136 225
101: 7
102: 13 78 97
103: 1 197
104: 40 162
105: 87 144 171
106: 67
107: 73 148
108: 31 191
109: 31
110: 26 208
111: 0 164
112: 18 137 145 149
113: 25 187
114: 33 132
115: 32 150
116: 0 155
117: 192
118: 38 227 248
119: 66 134 201
120: 21
121: 19 28
122: 0 212
123: 23
124: 3 175 239
125: 5 159 174
126: 5
127: 7 18 75 131 191
128: 4
129: 204
130: 64
131: 127
132: 114 214
133: 13 189
134: 119
135: 16 52 71
136: 100 224
137: 112
138: 37 229
139: 73
140: 27 180
141: 48
142: 0 210
143: 2 27
144: 105
145: 112 157
146: 6
147: 86
148: 27 107
149: 112 165 166
150: 115 204
151: 190
152: 42 182 248
153: 214
154: 17
155: 116 219
156: 29
157: 145
158: 1
159: 125
160: 67
161: 25
162: 104 173
163: 94
164: 111
165: 149
166: 149 232
167: 3
168: 81
169: 78 177
170: 4
171: 105 184
172: 66
173: 162
174: 11 66 125
175: 124
176: 33
177: 169 194
178: 80
179: 33 216 237
180: 140
181: 99
182: 152
183: 44
184: 171
185: 81
186: 42
187: 113
188: 87 199 244
189: 133
190: 13 16 151
191: 108 127
192: 117 223
193: 27 46 98
194: 177
195: 213
196: 49
197: 103
198: 94
199: 188 241
200: 91 226
201: 119
202: 14
203: 14
204: 1 77 129 150
205: 36 211
206: 33
207: 70
208: 110
209: 99
210: 142
211: 205
212: 21 122
213: 12 195
214: 132 153
215: 0
216: 179 234
217: 25
218: 38
219: 155 235
220: 27
221: 7
222: 13
223: 93 192
224: 136
225: 100
226: 200
227: 118
228: 83
229: 138
230: 27
231: 72
232: 166
233: 41
234: 216
235: 219
236: 19
237: 179
238: 249
239: 124
240: 78
241: 199
242: 15
243: 78
244: 39 188
245: 50 62
246: 49
247: 82
248: 118 152
249: 58 238