250 3

97 77 11 6 93 36 77 33 31 60 16 8 68 16 84 20 23 53 62 16 32 43 30 79 99 68 49 65 18 10 35 19 15 42 9 100 33 82 5 34 47 50 34 36 81 97 43 26 61 61 88 12 69 25 62 40 45 82 70 80 59 13 27 87 52 61 20 19 50 19 30 94 69 4 48 63 7 56 14 64 56 39 69 14 71 1 24 87 6 2 80 45 46 58 73 82 67 53 79 13 3 47 67 47 58 55 35 92 73 26 62 51 10 76 50 81 11 77 60 34 56 2 51 57 89 7 90 6 7 68 88 85 86 11 15 3 53 18 23 69 27 17 50 99 38 92 39 98 36 41 46 89 43 11 45 67 62 1 13 73 74 63 27 30 59 48 21 15 32 16 16 63 74 80 76 14 99 15 83 76 94 90 14 44 10 46 82 38 8 61 12 64 97 96 45 61 99 27 1 71 38 46 51 27 88 70 46 2 22 91 25 24 98 54 24 52 54 6 8 23 17 22 7 41 100 36 43 23 83 32 66 36 28 67 23 60 35 71 46 55 25 62 13 68 38 49 75 100 52 47
0: 21 30 111 118 125 128 215
1: 5 6 10 13 102 103 112 126 142 150
2: 5 35
3: 4 6 7 9 17 54 140
4: 3 20 28 170
5: 1 2 8 11 174
6: 1 3 146
7: 3 34 41 101 221
8: 5 42 49
9: 3 80 168
10: 1 47 55
11: 5 12
12: 11 195 213
13: 1 14 37 52 133 222
14: 13 16 202
15: 29 80 88 99 242
16: 14 85 151
17: 3 25 90 154
18: 22 45 67 112
19: 28 124 167 175 236
20: 4 61
21: 0 36 62 120 122
22: 18 26 31 69 92
23: 40 42 123
24: 102
25: 17 48 113 161 217
26: 22 110 208
27: 51 143 220 230
28: 4 19 121
29: 15 84 156
30: 0 59
31: 22 60 108 109
32: 115
33: 98 129 193 206
34: 7 83
35: 2 218
36: 21 43 205
37: 13 100 138
38: 57 126
39: 87
40: 23 104
41: 7 97 233
42: 8 23 186
43: 36 63 211
44: 50 62 183
45: 18 76
46: 129
47: 10 64 65
48: 25 141
49: 8 196 246
50: 44 245
51: 27 53 58 129
52: 13 79 135
53: 51 139 148
54: 3 56
55: 10 143
56: 54
57: 38 70
58: 51 238 249
59: 30 72 91
60: 31 94
61: 20 87
62: 21 44 68 77
63: 43
64: 47 130
65: 47 82
66: 125 172
67: 18 106
68: 62
69: 22
70: 57 95 207
71: 135
72: 59 231
73: 107
74: 85 203
75: 127 131
76: 45
77: 62 81
78: 89 96 102 169 240 243
79: 52
80: 9 15 178
81: 77 168 185
82: 65 247
83: 34 228
84: 29
85: 16 74
86: 102 147
87: 39 61 188 244
88: 15
89: 78 93
90: 17 119
91: 59 200 226
92: 22
93: 89 117
94: 60 198
95: 70
96: 78
97: 41
98: 33 176
99: 15 181 209
100: 37 136 225
101: 7
102: 1 24 78 86 131
103: 1 158 197
104: 40 162
105: 144 171 244
106: 67 160
107: 73 148
108: 31
109: 31
110: 26
111: 0 116 164
112: 1 18 137
113: 25 187
114: 129 132
115: 32 150
116: 111 155
117: 93 192
118: 0 227
119: 90 134 201
120: 21
121: 28
122: 21 212
123: 23
124: 19 239
125: 0 66 159
126: 1 38
127: 75 191
128: 0
129: 33 46 51 114
130: 64
131: 75 102
132: 114 153
133: 13 189
134: 119
135: 52 71
136: 100 224
137: 112 149
138: 37 229
139: 53
140: 3 180
141: 48
142: 1 210
143: 27 55
144: 105
145: 149 157
146: 6
147: 86
148: 53 107
149: 137 145 165 166
150: 1 115 204
151: 16 190
152: 186 248
153: 132 214
154: 17
155: 116 235
156: 29
157: 145
158: 103
159: 125
160: 106
161: 25
162: 104 173
163: 198
164: 111
165: 149
166: 149 232
167: 19
168: 9 81
169: 78 177
170: 4
171: 105 184
172: 66
173: 162
174: 5
175: 19
176: 98
177: 169 194
178: 80
179: 206 216 237
180: 140
181: 99
182: 186
183: 44
184: 171
185: 81
186: 42 152 182
187: 113
188: 87 199
189: 133
190: 151
191: 127
192: 117 223
193: 33
194: 177
195: 12
196: 49
197: 103
198: 94 163
199: 188 241
200: 91
201: 119
202: 14
203: 74
204: 150
205: 36
206: 33 179
207: 70
208: 26
209: 99
210: 142
211: 43
212: 122
213: 12
214: 153
215: 0
216: 179 234
217: 25
218: 35
219: 235
220: 27
221: 7
222: 13
223: 192
224: 136
225: 100
226: 91
227: 118
228: 83
229: 138
230: 27
231: 72
232: 166
233: 41
234: 216
235: 155 219
236: 19
237: 179
238: 58
239: 124
240: 78
241: 199
242: 15
243: 78
244: 87 105
245: 50
246: 49
247: 82
248: 152
249: 58