500 3

55 91 55 74 4 100 51 72 67 52 15 9 73 92 60 71 35 65 84 35 59 49 68 64 8 24 70 5 47 97 33 75 93 40 58 50 71 61 68 8 79 48 28 93 86 61 39 15 95 78 20 76 88 84 35 97 61 47 44 35 62 63 16 2 63 97 5 11 41 97 26 41 37 82 84 85 57 48 92 51 65 33 61 64 80 80 96 82 24 88 82 91 96 40 54 13 24 68 53 7 22 6 77 75 9 24 75 40 83 75 20 38 60 18 65 94 47 64 94 28 80 48 13 57 63 7 5 58 64 22 69 100 1 15 3 20 44 68 77 15 9 57 23 62 50 19 55 99 96 31 21 99 21 58 42 70 92 90 42 11 38 41 45 96 96 92 42 27 12 96 17 43 86 22 19 62 79 40 92 69 23 75 9 95 53 65 13 20 39 56 37 22 59 19 39 93 43 46 20 60 93 79 93 66 56 23 83 22 59 36 31 63 34 2 48 64 92 1 27 29 83 24 50 81 27 63 92 57 93 95 7 92 64 45 83 87 17 55 55 21 23 18 70 69 67 12 24 31 20 71 65 65 34 75 23 36 30 86 51 41 79 12 66 99 68 100 94 81 41 14 33 87 5 22 20 90 100 20 15 9 5 75 100 84 36 96 12 12 44 13 71 37 41 72 6 52 33 97 67 93 56 23 29 89 77 66 91 19 65 3 44 51 59 64 95 16 9 20 76 48 58 91 8 8 76 100 5 70 20 86 51 22 22 57 40 76 13 88 30 87 43 55 69 46 55 62 51 52 33 89 52 45 56 46 4 36 51 47 7 56 13 73 26 35 30 10 90 30 54 33 8 14 39 87 98 97 13 41 73 1 17 50 7 39 5 12 61 48 98 49 21 20 63 33 31 34 62 45 36 64 100 83 96 98 8 39 100 54 2 83 82 15 14 12 64 74 76 71 79 18 48 37 16 62 85 23 35 25 87 72 80 7 41 100 86 72 40 25 80 63 98 69 9 74 31 66 66 38 16 42 90 42 69 72 56 99 17 36 28 35 72 25 49 63 16 7 29 61 34 47 99 67 99 36 60 69 17 16 71 73 48 74 51 53 41 47 78 11 45 77 59 95 65 47 33 15 94 23 61 60
0: 3
1: 4
2: 3 4
3: 0 2 5 82 272
4: 1 2
5: 3 7
6: 8
7: 5 9
8: 6 11
9: 7 10
10: 9
11: 8 12
12: 11 15 106
13: 16
14: 15
15: 12 14 16 17
16: 13 15 19
17: 15 474
18: 19 20 21
19: 16 18 453
20: 18 23
21: 18
22: 24 25
23: 20
24: 22 208
25: 22 26 413
26: 25
27: 28
28: 27 30
29: 30 31
30: 28 29
31: 29 32 33 34 62
32: 31
33: 31
34: 31
35: 37
36: 39
37: 35 118
38: 41
39: 36 42
40: 43
41: 38 44
42: 39 43 117
43: 40 42 46
44: 41 45
45: 44 48
46: 43 48
47: 49 361
48: 45 46 221
49: 47 461
50: 51 53
51: 50 54
52: 54
53: 50
54: 51 52 55 57
55: 54 56 58 479
56: 55
57: 54 60
58: 55
59: 60
60: 57 59 62
61: 62 63 64
62: 31 60 61
63: 61
64: 61 65 66 67
65: 64
66: 64
67: 64 431
68: 69
69: 68 70 71
70: 69
71: 69 74 422
72: 73
73: 72 76
74: 71 75 76 322
75: 74 77
76: 73 74 78
77: 75 80
78: 76
79: 275
80: 77
81: 82
82: 3 81
83: 85
84: 86 87
85: 83 86
86: 84 85 88 234
87: 84 90
88: 86 89
89: 88
90: 87 91 92
91: 90
92: 90 94 396
93: 96
94: 92 95
95: 94 98
96: 93 97 98 99
97: 96
98: 95 96 101
99: 96 100
100: 99
101: 98 102
102: 101 103 104
103: 102
104: 102
105: 107
106: 12 255
107: 105 109 228
108: 110 340
109: 107 110
110: 108 109 111 113 452
111: 110 114
112: 114
113: 110 115 116
114: 111 112
115: 113
116: 113 119 194
117: 42 120
118: 37 119
119: 116 118 121
120: 117 122
121: 119
122: 120 461
123: 125
124: 125
125: 123 124 126 128 306
126: 125
127: 128 129 130
128: 125 127
129: 127
130: 127
131: 132
132: 131 133
133: 132 134
134: 133 266 306
135: 136 439
136: 135 259
137: 138 140
138: 137
139: 141 142
140: 137 143
141: 139
142: 139 145
143: 140 144
144: 143 172
145: 142 147 148
146: 147
147: 145 146
148: 145 149 150
149: 148
150: 148 151
151: 150 338 414
152: 153 418
153: 152 156
154: 155
155: 154 158
156: 153 159
157: 160
158: 155 160
159: 156 160
160: 157 158 159 162
161: 162 163
162: 160 161
163: 161 164
164: 163 167
165: 166
166: 165 168
167: 164 168 169
168: 166 167 171
169: 167 170
170: 169 172
171: 168 173
172: 144 170 175
173: 171
174: 175 247
175: 172 174 177
176: 178 179
177: 175
178: 176 180
179: 176 182
180: 178 183
181: 183
182: 179
183: 180 181 185
184: 187
185: 183 186 187
186: 185
187: 184 185 190
188: 189
189: 188 192
190: 187 191 192
191: 190
192: 189 190 193
193: 192 195 196
194: 116 197
195: 193
196: 193 441
197: 194
198: 199 201
199: 198 202
200: 202
201: 198
202: 199 200 203
203: 202 204
204: 203 319
205: 206
206: 205 207 209
207: 206
208: 24 336
209: 206 210 212
210: 209 211
211: 210 453
212: 209 213
213: 212 214 215
214: 213
215: 213
216: 217 371
217: 216 218
218: 217 219 220
219: 218
220: 218 223
221: 48 222
222: 221
223: 220 261
224: 226
225: 227 280 439
226: 224 229
227: 225 228 230
228: 107 227
229: 226 232
230: 227 232
231: 233
232: 229 230 233
233: 231 232 235
234: 86 237
235: 233
236: 237
237: 234 236 238 239
238: 237
239: 237 241
240: 242 288
241: 239
242: 240 244
243: 245 246 321
244: 242 245
245: 243 244
246: 243
247: 174 249
248: 250
249: 247
250: 248 251 311
251: 250
252: 255
253: 256
254: 256
255: 106 252 257
256: 253 254 259
257: 255
258: 260
259: 136 256 261
260: 258 263
261: 223 259 262 264
262: 261 263
263: 260 262
264: 261
265: 268
266: 134 268 269
267: 269 270
268: 265 266
269: 266 267 271
270: 267 273
271: 269 272
272: 3 271
273: 270 440
274: 275 276
275: 79 274 278
276: 274 434
277: 278 280
278: 275 277 279
279: 278
280: 225 277
281: 283
282: 284
283: 281 285 286
284: 282 285 363
285: 283 284 288
286: 283
287: 288 290
288: 240 285 287 289
289: 288
290: 287
291: 293
292: 293
293: 291 292 296
294: 346
295: 296
296: 293 295 299
297: 300
298: 300 301
299: 296 486
300: 297 298
301: 298 302 303
302: 301
303: 301 305
304: 306
305: 303 306 307
306: 125 134 304 305
307: 305 310
308: 311
309: 310
310: 307 309 312
311: 250 308 314
312: 310 315
313: 315
314: 311 316
315: 312 313 318
316: 314 317 319 330 351
317: 316 318
318: 315 317 320
319: 204 316 322
320: 318
321: 243 324
322: 74 319 324
323: 326
324: 321 322
325: 326
326: 323 325 328
327: 328
328: 326 327 329 331
329: 328
330: 316
331: 328 333
332: 333 335
333: 331 332 334
334: 333 337
335: 332 453
336: 208
337: 334 338
338: 151 337 339
339: 338 341
340: 108 342
341: 339 344
342: 340
343: 344 345
344: 341 343
345: 343 348 493
346: 294 349
347: 349
348: 345
349: 346 347 350
350: 349 352 353
351: 316
352: 350 355
353: 350 354
354: 353
355: 352 410
356: 359
357: 358
358: 357 359 360
359: 356 358 362
360: 358 361
361: 47 360
362: 359 364 365
363: 284 364
364: 362 363 367
365: 362
366: 368 419
367: 364 369
368: 366 369
369: 367 368 395
370: 371 372
371: 216 370 373
372: 370
373: 371 375
374: 375
375: 373 374
376: 377 379 484
377: 376 380
378: 379
379: 376 378 381
380: 377
381: 379 382
382: 381 383 385
383: 382
384: 385 387
385: 382 384
386: 387 389
387: 384 386
388: 390
389: 386 391
390: 388 392 393
391: 389 394
392: 390
393: 390 394 395 396
394: 391 393
395: 369 393
396: 92 393
397: 398 400
398: 397 401
399: 400 402
400: 397 399
401: 398
402: 399 403 404 464
403: 402 405
404: 402 407
405: 403
406: 409
407: 404
408: 411
409: 406 410 412
410: 355 409 411
411: 408 410 414
412: 409 415
413: 25 416
414: 151 411
415: 412 417
416: 413 418 419
417: 415
418: 152 416
419: 366 416
420: 423
421: 422 423
422: 71 421 424
423: 420 421 425 426
424: 422 427
425: 423 428
426: 423
427: 424 430
428: 425
429: 430 431
430: 427 429
431: 67 429 432 434
432: 431
433: 436
434: 276 431
435: 438
436: 433 437 438
437: 436
438: 435 436 440 441
439: 135 225
440: 273 438
441: 196 438
442: 444
443: 446 477
444: 442 447
445: 448
446: 443 447
447: 444 446 448
448: 445 447 451
449: 450 469
450: 449 452
451: 448
452: 110 450 454 455
453: 19 211 335
454: 452
455: 452
456: 459
457: 459
458: 461
459: 456 457 460
460: 459 461
461: 49 122 458 460 464
462: 464 465
463: 464
464: 402 461 462 463
465: 462 466
466: 465 467
467: 466 470
468: 470
469: 449 472
470: 467 468 471
471: 470
472: 469
473: 476
474: 17 477
475: 476 477
476: 473 475 479
477: 443 474 475
478: 479
479: 55 476 478 480
480: 479
481: 484
482: 484
483: 484
484: 376 481 482 483 485 486
485: 484
486: 299 484
487: 488 490
488: 487
489: 492
490: 487 491
491: 490 493
492: 489 494 495
493: 345 491 494
494: 492 493 497
495: 492 496
496: 495 498
497: 494 499
498: 496
499: 497