250 5

356 472 164 74 89 57 282 217 462 280 287 478 34 402 80 236 60 142 486 438 207 355 358 298 415 299 350 23 227 181 309 338 225 356 481 124 163 272 241 339 415 137 171 41 227 21 49 374 223 192 196 75 304 13 22 190 1 86 92 198 473 257 60 288 156 99 265 190 435 463 159 323 116 241 15 174 221 182 420 189 111 390 123 64 19 300 310 499 417 344 371 364 461 71 228 338 109 338 192 457 52 176 301 341 26 448 90 125 87 223 478 167 152 114 128 434 37 414 13 180 40 428 318 156 267 51 252 272 465 238 306 432 256 413 213 420 148 331 145 493 408 91 408 400 313 58 258 389 154 209 48 223 68 151 262 493 312 302 418 138 481 88 49 282 192 407 263 360 330 431 333 122 499 186 136 160 11 55 349 106 49 474 163 288 267 190 52 203 241 62 222 483 374 212 445 166 243 376 128 240 291 231 286 372 137 273 473 127 4 87 162 51 467 180 179 259 366 486 322 113 301 55 121 98 271 71 123 388 320 253 399 126 238 397 150 422 110 186 319 55 125 223 234 254 306 487 183 24 53 233
0: 5
1: 2 3 246 248
2: 1
3: 1 7 181
4: 7 249
5: 0 6 10
6: 5 9 11
7: 3 4 10
8: 11
9: 6
10: 5 7
11: 6 8
12: 16
13: 18
14: 17
15: 20 41
16: 12 17 68
17: 14 16 22
18: 13 20 23
19: 21
20: 15 18
21: 19 220
22: 17 26
23: 18 24 26
24: 23 27
25: 27
26: 22 23
27: 24 25 29
28: 30 31
29: 27
30: 28
31: 28 35
32: 37
33: 38
34: 35 37
35: 31 34 36 39 40
36: 35 38
37: 32 34
38: 33 36 41
39: 35
40: 35
41: 15 38
42: 47
43: 47
44: 49
45: 46 48
46: 45
47: 42 43 51
48: 45 51 53
49: 44 51
50: 51 54
51: 47 48 49 50
52: 54 56 89 203
53: 48 58
54: 50 52
55: 210
56: 52
57: 59
58: 53 61
59: 57 64
60: 126
61: 58 62
62: 61
63: 66 68
64: 59 69 211
65: 66
66: 63 65 160
67: 70 139 222
68: 16 63
69: 64 72
70: 67
71: 206
72: 69 76
73: 74 78
74: 73
75: 76
76: 72 75
77: 82
78: 73 80
79: 80 84 151
80: 78 79 81 82
81: 80 83
82: 77 80 87
83: 81 85
84: 79
85: 83 89
86: 207
87: 82
88: 131
89: 52 85
90: 94
91: 92 242
92: 91
93: 98
94: 90 98
95: 98
96: 97 180
97: 96 101
98: 93 94 95 99
99: 98 100 103
100: 99
101: 97 103 104
102: 107
103: 99 101 242
104: 101 108
105: 106
106: 105 107
107: 102 106 109 111
108: 104 112 113
109: 107 114
110: 114
111: 107 112
112: 108 111 117
113: 108 118
114: 109 110
115: 116 119 204
116: 115 132
117: 112 122
118: 113 121
119: 115 122
120: 225
121: 118 125
122: 117 119 123
123: 122 124
124: 123 128
125: 121 127 129
126: 60 128
127: 125
128: 124 126
129: 125 130
130: 129
131: 88 132 136
132: 116 131
133: 136 167
134: 139
135: 137
136: 131 133
137: 135 139
138: 141 142
139: 67 134 137 140 144
140: 139 142 143
141: 138
142: 138 140
143: 140
144: 139
145: 150
146: 148
147: 148
148: 146 147 152
149: 150
150: 145 149 151
151: 79 150 153 154
152: 148 155
153: 151
154: 151 156 159
155: 152 159
156: 154 158
157: 158
158: 156 157 160
159: 154 155
160: 66 158 162
161: 166
162: 160 166
163: 164 166 191
164: 163
165: 169
166: 161 162 163 168
167: 133
168: 166 169
169: 165 168
170: 174
171: 174 176
172: 175
173: 174 192
174: 170 171 173 178
175: 172 177
176: 171 180
177: 175 180
178: 174
179: 182
180: 96 176 177 183
181: 3
182: 179 186
183: 180 184 188 221
184: 183 189
185: 188
186: 182 191
187: 190
188: 183 185
189: 184 190 194
190: 187 189
191: 163 186 193
192: 173
193: 191
194: 189
195: 196
196: 195 197 222
197: 196 201
198: 200 203
199: 204
200: 198
201: 197 204
202: 206
203: 52 198 207
204: 115 199 201
205: 208 210
206: 71 202 209 210
207: 86 203 210
208: 205
209: 206 211 212
210: 55 205 206 207
211: 64 209
212: 209 217
213: 214
214: 213 219
215: 216
216: 215 219 245
217: 212 221
218: 219
219: 214 216 218 231
220: 21 223 224
221: 183 217 225
222: 67 196
223: 220 227
224: 220
225: 120 221 226 230
226: 225 229
227: 223 229
228: 231
229: 226 227 233
230: 225
231: 219 228 233 235
232: 236
233: 229 231 234 248
234: 233 238
235: 231
236: 232 237
237: 236 239 242
238: 234 241
239: 237 244
240: 244
241: 238
242: 91 103 237
243: 244
244: 239 240 243
245: 216 247
246: 1
247: 245
248: 1 233
249: 4