250 4

198 150 60 471 311 421 252 304 350 123 348 311 465 206 426 10 83 423 18 23 249 368 149 203 369 63 328 374 10 448 391 325 194 375 395 495 223 351 467 294 77 15 102 165 215 195 420 219 288 30 26 435 400 463 309 186 48 79 399 493 6 248 257 408 37 403 140 62 181 74 38 317 235 415 268 436 451 192 437 43 473 279 224 315 107 226 453 160 427 139 430 498 493 441 355 27 31 201 497 368 481 465 333 435 421 39 351 240 345 144 69 103 42 360 136 96 59 386 147 126 404 151 332 448 226 456 146 66 269 174 197 433 180 78 42 250 499 347 162 125 398 329 60 236 301 378 335 251 191 375 269 277 351 427 286 142 80 171 211 62 94 476 126 77 29 199 287 228 330 428 63 313 72 233 346 81 334 235 103 2 77 498 457 484 356 269 121 290 166 283 172 303 350 326 490 241 465 424 460 434 306 264 281 493 369 23 345 194 326 97 463 45 63 153 465 468 311 412 331 105 271 425 86 307 225 255 475 78 89 97 204 297 118 205 314 69 195 10 194 230 154 33 345 258 262 50 500 200 26 327
0: 112 246
1: 2 247
2: 1 150
3: 4 248
4: 3 5 249
5: 4 8
6: 7 9
7: 6 10 244
8: 5 12
9: 6 11
10: 7 15
11: 9
12: 8 13
13: 12
14: 18
15: 10
16: 20 21
17: 19 20
18: 14 21
19: 17 22
20: 16 17 25
21: 16 18 23 197
22: 19
23: 21 24
24: 23
25: 20 26
26: 25 28 30 31
27: 29 30
28: 26
29: 27 85
30: 26 27 32
31: 26 162
32: 30 33 34 37
33: 32 38
34: 32 35
35: 34 36
36: 35
37: 32 39
38: 33 40 42
39: 37
40: 38
41: 42 43
42: 38 41
43: 41 48
44: 45 49 135 230
45: 44
46: 48
47: 52
48: 43 46 51
49: 44
50: 116
51: 48
52: 47 54 203
53: 55 58
54: 52 57
55: 53 60
56: 200
57: 54 58 61
58: 53 57
59: 64
60: 55
61: 57 65
62: 63 66
63: 62
64: 59 66
65: 61 69
66: 62 64 67 69 70 115 160
67: 66
68: 70 71 72
69: 65 66
70: 66 68
71: 68 76
72: 68
73: 76
74: 76 176 232
75: 77
76: 71 73 74 77
77: 75 76 80 82
78: 79 81
79: 78 83
80: 77 83
81: 78
82: 77
83: 79 80 156
84: 85
85: 29 84 88
86: 89 90
87: 90 92
88: 85
89: 86 94
90: 86 87
91: 94
92: 87 95
93: 97
94: 89 91 98
95: 92 96
96: 95
97: 93 100 101
98: 94 103
99: 102 121
100: 97
101: 97 102 104
102: 99 101 106
103: 98 242
104: 101 107
105: 110
106: 102
107: 104
108: 109 110
109: 108
110: 105 108 111 112
111: 110 115
112: 0 110 113
113: 112
114: 116 228
115: 66 111 116
116: 50 114 115 117
117: 116 121 122
118: 119 122
119: 118
120: 122 123
121: 99 117 124
122: 117 118 120
123: 120
124: 121 126 127
125: 126
126: 124 125
127: 124 129 130
128: 130
129: 127
130: 127 128
131: 133 136 150
132: 135
133: 131 137
134: 139
135: 44 132 139
136: 131
137: 133
138: 139
139: 134 135 138
140: 213
141: 144 145
142: 144
143: 144
144: 141 142 143
145: 141 147 150
146: 151
147: 145 152
148: 151 152
149: 152 154
150: 2 131 145
151: 146 148
152: 147 148 149
153: 158
154: 149 155
155: 154 156
156: 83 155
157: 158 161
158: 153 157
159: 161
160: 66 164
161: 157 159 164
162: 31 163 167
163: 162
164: 160 161 166
165: 166 169
166: 164 165
167: 162
168: 170
169: 165 170 173
170: 168 169 175
171: 172
172: 171 174
173: 169
174: 172 178
175: 170 178
176: 74 179
177: 180 231
178: 174 175
179: 176 180
180: 177 179 183 185
181: 184
182: 186 187
183: 180 188
184: 181 188
185: 180
186: 182 189 191
187: 182
188: 183 184 192
189: 186 190
190: 189
191: 186 194
192: 188
193: 194
194: 191 193 196
195: 197 221
196: 194 199
197: 21 195 199 201
198: 203
199: 196 197 202 203 204
200: 56 203
201: 197
202: 199 207
203: 52 198 199 200 211
204: 199
205: 206
206: 205 207
207: 202 206 209
208: 209
209: 207 208
210: 214
211: 203 212
212: 211 214
213: 140 214 218
214: 210 212 213 216
215: 216
216: 214 215
217: 219 239
218: 213
219: 217 220
220: 219 225
221: 195
222: 224
223: 224 225 227
224: 222 223
225: 220 223
226: 228 229 230
227: 223
228: 114 226
229: 226
230: 44 226
231: 177 234 236
232: 74 237
233: 234
234: 231 233
235: 240
236: 231
237: 232 238
238: 237
239: 217 244
240: 235 241
241: 240 242 245
242: 103 241
243: 244
244: 7 239 243 245 246 249
245: 241 244
246: 0 244
247: 1
248: 3
249: 4 244