250 2

22 69 18 65 89 30 17 89 93 63 84 53 52 67 81 7 58 46 98 14 62 50 66 50 52 14 43 79 99 57 15 43 99 52 21 24 47 79 4 74 48 34 34 75 13 51 23 96 58 33 76 67 6 65 76 82 60 80 24 86 81 20 36 57 88 76 48 18 23 16 28 59 46 4 63 97 28 54 1 14 25 35 91 94 69 6 27 76 59 33 50 73 96 19 78 8 28 55 31 41 68 37 84 62 35 12 38 10 92 45 73 27 35 15 94 10 54 25 40 81 93 66 10 100 62 95 60 4 93 75 80 43 30 14 98 93 42 92 86 92 71 71 24 21 71 34 31 77 58 85 63 58 35 7 81 87 35 92 54 60 93 16 38 28 59 37 20 46 14 75 51 44 22 54 86 2 88 39 59 90 91 6 100 74 44 17 68 29 95 33 18 65 29 91 7 88 95 62 98 42 64 27 55 93 80 67 18 40 99 34 40 67 41 34 44 61 16 54 50 69 35 10 16 16 41 33 51 78 98 14 67 16 43 79 67 51 8 71 78 25 25 45 23 96 59 18 49 8 49 28
0: 1 134
1: 0 3 5 246
2: 247
3: 1 248
4: 7 34 249
5: 1 7 205
6: 7 11
7: 4 5 6 10 244
8: 11 13 135
9: 13
10: 7 12
11: 6 8
12: 10
13: 8 9 17
14: 18
15: 19 41
16: 68
17: 13 185
18: 14 19 20
19: 15 18
20: 18 23
21: 77
22: 25
23: 20 25
24: 28
25: 22 23 26 46
26: 25
27: 30 32
28: 24 29
29: 28 116
30: 27
31: 36
32: 27 33 201
33: 32
34: 4
35: 36 37
36: 31 35 38 39
37: 35
38: 36 43
39: 36 42
40: 44 45
41: 15 43
42: 39 80
43: 38 41 197
44: 40 135
45: 40 47
46: 25 48 143
47: 45 49
48: 46
49: 47 54
50: 54 182
51: 54
52: 57 203
53: 57
54: 49 50 51
55: 57
56: 57 200
57: 52 53 55 56 59
58: 60
59: 57 63
60: 58 61 62 64 126
61: 60
62: 60
63: 59 66
64: 60 69 211
65: 66 68
66: 63 65
67: 69 72
68: 16 65
69: 64 67 70
70: 69 208
71: 72 75
72: 67 71
73: 75 78
74: 77
75: 71 73 76
76: 75
77: 21 74 81
78: 73 82
79: 83 151
80: 42 81
81: 77 80 83 85
82: 78
83: 79 81
84: 89
85: 81 86
86: 85 89 207
87: 91
88: 89 107
89: 84 86 88 91
90: 93
91: 87 89 92 242
92: 91 93
93: 90 92
94: 98 99
95: 96 98
96: 95 180
97: 101
98: 94 95
99: 94 100 102 103 121
100: 99 101
101: 97 100
102: 99
103: 99
104: 108
105: 106 110 237
106: 105 215
107: 88
108: 104 112
109: 114
110: 105 111 113 114
111: 110 112
112: 108 111 117
113: 110
114: 109 110
115: 116 118
116: 29 115 117 132
117: 112 116
118: 115
119: 120 123 124
120: 119 122
121: 99 122
122: 120 121
123: 119
124: 119
125: 128
126: 60 131
127: 132
128: 125 132
129: 178
130: 163
131: 126
132: 116 127 128
133: 136 138
134: 0
135: 8 44
136: 133 141
137: 138 139 140
138: 133 137
139: 137 143
140: 137 145
141: 136
142: 230
143: 46 139 146
144: 147
145: 140 149
146: 143 150
147: 144 152
148: 149
149: 145 148 152 153
150: 146 155
151: 79
152: 147 149
153: 149
154: 156
155: 150 160
156: 154 158
157: 158
158: 156 157 162 163
159: 161 162
160: 155 162
161: 159
162: 158 159 160
163: 130 158 167 191 195
164: 166
165: 167
166: 164 169
167: 163 165 169
168: 170 172
169: 166 167 177
170: 168
171: 172
172: 168 171 176
173: 175 177 178
174: 178
175: 173
176: 172 177
177: 169 173 176 179
178: 129 173 174
179: 177 181
180: 96 183
181: 179
182: 50 183 184 186 187
183: 180 182
184: 182
185: 17 188
186: 182
187: 182
188: 185 193
189: 194
190: 232
191: 163
192: 196
193: 188
194: 189 196 197
195: 163
196: 192 194
197: 43 194 201
198: 200 202
199: 200
200: 56 198 199
201: 32 197 204 206
202: 198
203: 52 205
204: 201
205: 5 203 210
206: 201 211
207: 86
208: 70 210
209: 213
210: 205 208
211: 64 206 213
212: 214
213: 209 211 214
214: 212 213 215
215: 106 214 217
216: 220 221
217: 215
218: 219
219: 218 220 231
220: 216 219 223
221: 216
222: 227
223: 220 225
224: 227
225: 223 226 230
226: 225 227
227: 222 224 226 228
228: 227
229: 231
230: 142 225 232
231: 219 229 235
232: 190 230
233: 236
234: 239
235: 231 236
236: 233 235 239
237: 105 238
238: 237
239: 234 236 244
240: 241 244
241: 240
242: 91
243: 246
244: 7 239 240 247
245: 247
246: 1 243
247: 2 244 245
248: 3
249: 4