250 4

93 41 73 96 69 84 47 35 76 75 42 96 95 37 78 31 94 28 100 51 3 98 9 1 4 71 62 48 69 75 3 94 56 30 24 53 77 96 99 47 65 5 92 77 76 97 28 93 90 86 14 56 50 14 66 36 6 56 56 35 18 74 30 16 4 87 50 14 96 54 70 80 94 5 65 4 4 56 38 40 50 64 51 2 87 31 83 16 44 18 31 82 64 2 94 99 5 23 65 91 98 26 93 58 15 8 40 61 41 97 78 31 71 73 23 38 92 62 74 8 44 42 35 38 25 95 99 59 64 30 91 58 40 99 31 64 61 99 30 43 95 17 50 68 100 33 35 31 31 87 93 14 85 19 72 74 18 43 78 4 94 85 55 6 5 3 54 39 99 37 33 92 24 65 23 2 33 61 74 48 92 31 38 51 2 67 44 52 50 61 52 49 5 61 89 99 22 55 1 63 7 42 87 87 90 75 91 8 81 78 35 96 45 53 93 88 49 3 95 46 95 75 94 34 10 24 57 50 59 19 9 71 12 44 48 65 97 8 49 4 42 65 69 98 80 31 64 36 100 4
0: 134 246
1: 247 248
2: 247
3: 4 248
4: 3
5: 7 10
6: 8
7: 5
8: 6 12 135
9: 10
10: 5 9 11 13 14
11: 10 16
12: 8
13: 10
14: 10 122
15: 41
16: 11
17: 18 22
18: 17 20
19: 24
20: 18
21: 23 24
22: 17 33 216
23: 21 28
24: 19 21
25: 26
26: 25 31
27: 30 31
28: 23 30
29: 34 85 116
30: 27 28
31: 26 27 34 35
32: 36 37
33: 22 37
34: 29 31
35: 31
36: 32 150
37: 32 33 42
38: 41
39: 41
40: 42
41: 15 38 39 43 44
42: 37 40
43: 41 45 46
44: 41 230
45: 43 47
46: 43
47: 45
48: 50
49: 51
50: 48 51
51: 49 50 54
52: 53 56 203
53: 52 55
54: 51 59
55: 53
56: 52
57: 58 60 62
58: 57
59: 54 77
60: 57 61 63 64
61: 60
62: 57
63: 60
64: 60 211
65: 66 69 127
66: 65
67: 69 71 222
68: 72
69: 65 67
70: 75
71: 67 76 206
72: 68 75 77 114
73: 74 77
74: 73 176
75: 70 72 76
76: 71 75 80
77: 59 72 73
78: 80
79: 81
80: 76 78 83
81: 79 86
82: 87
83: 80
84: 85
85: 29 84 90
86: 81 88 89
87: 82 92
88: 86 92
89: 86 100
90: 85 193
91: 93 94 242
92: 87 88
93: 91
94: 91 96 98
95: 97
96: 94
97: 95 99 100
98: 94 100
99: 97
100: 89 97 98 104
101: 104 142
102: 105
103: 217
104: 100 101
105: 102 106 109
106: 105 108 110
107: 110 111
108: 106
109: 105 112
110: 106 107
111: 107
112: 109 117
113: 118
114: 72
115: 204
116: 29 117
117: 112 116 119
118: 113 120
119: 117 120 121 122
120: 118 119
121: 119 126
122: 14 119 123
123: 122 124 128
124: 123 125
125: 124 129
126: 121
127: 65 128
128: 123 127
129: 125 130
130: 129 135
131: 132 150
132: 131
133: 136 167
134: 0 140
135: 8 130 138
136: 133 141
137: 139
138: 135 139
139: 137 138
140: 134 144
141: 136
142: 101
143: 145 148
144: 140 148
145: 143
146: 207
147: 149 150 151
148: 143 144 149 152 153
149: 147 148
150: 36 131 147
151: 147
152: 148
153: 148 156
154: 156
155: 158 159
156: 153 154
157: 161
158: 155
159: 155 161
160: 164
161: 157 159 162 163
162: 161
163: 161 195
164: 160 167 169
165: 166 170
166: 165 168 169
167: 133 164 232
168: 166
169: 164 166 171 172 177
170: 165
171: 169
172: 169
173: 178
174: 175 178
175: 174
176: 74
177: 169
178: 173 174 180
179: 183 198
180: 178 181 183
181: 180 184
182: 183 185
183: 179 180 182
184: 181
185: 182 186 187
186: 185 189
187: 185 192
188: 190
189: 186 190 191
190: 188 189
191: 189 243
192: 187
193: 90 195
194: 196 199
195: 163 193 221
196: 194
197: 199 201
198: 179 200
199: 194 197
200: 198 201 202
201: 197 200
202: 200
203: 52 206 207
204: 115 205
205: 204 206 208
206: 71 203 205 209
207: 146 203
208: 205
209: 206 210 211
210: 209
211: 64 209 213
212: 217
213: 211
214: 215
215: 214 217
216: 22 221
217: 103 212 215 239
218: 223
219: 224 231
220: 223
221: 195 216
222: 67 225 226
223: 218 220 226 228
224: 219
225: 222
226: 222 223 227
227: 226
228: 223 230
229: 230 231 234
230: 44 228 229 233
231: 219 229
232: 167 234 236
233: 230 237
234: 229 232
235: 240
236: 232 239
237: 233 242
238: 240 242
239: 217 236 241
240: 235 238 245
241: 239 243
242: 91 237 238
243: 191 241
244: 247 249
245: 240
246: 0 248
247: 1 2 244
248: 1 3 246
249: 244