500 2

100 2 30 93 49 33 47 2 66 87 35 61 47 91 56 19 36 63 19 39 97 51 92 82 79 61 35 94 69 90 95 50 93 70 36 26 53 45 56 75 33 29 8 61 62 82 94 7 23 77 99 63 46 60 43 79 84 68 11 37 21 56 87 74 39 11 23 39 46 42 1 24 41 17 73 52 43 65 59 51 55 24 39 93 66 53 64 73 94 27 10 3 8 60 78 8 98 30 96 84 34 73 68 52 55 31 65 19 69 62 84 79 68 84 21 50 64 59 69 74 48 72 15 67 58 77 27 41 56 22 49 20 69 16 4 43 69 11 20 84 51 43 47 11 84 17 11 69 99 84 28 4 91 61 17 80 87 74 99 62 78 44 15 41 62 97 89 10 36 24 50 2 83 8 17 50 55 69 8 15 68 5 17 65 78 45 29 5 61 7 49 44 79 17 10 44 85 32 83 17 98 86 61 38 26 24 10 76 50 8 30 43 14 53 96 18 32 83 87 29 44 14 6 18 28 17 26 37 60 80 47 11 5 17 87 31 52 12 88 31 6 96 62 99 18 66 24 82 96 53 24 5 58 95 30 7 23 43 6 3 32 48 29 50 13 8 15 44 5 55 84 25 55 1 73 14 83 94 20 85 74 93 39 60 65 48 93 36 18 7 32 23 91 6 77 7 22 30 95 30 75 46 67 72 77 32 82 36 18 71 69 81 22 41 30 90 95 78 28 82 36 56 26 33 100 36 100 82 20 71 53 10 86 79 54 65 55 58 4 1 28 7 40 59 34 91 39 19 81 74 66 86 93 94 34 99 39 20 96 92 86 12 50 96 24 87 55 95 24 71 13 41 56 68 63 69 55 24 86 37 17 12 34 38 14 36 29 81 32 60 32 89 72 22 24 24 22 46 90 45 65 66 85 87 24 48 86 88 96 30 28 41 70 28 55 68 65 6 95 52 92 51 55 48 27 16 22 81 57 5 57 73 35 72 51 36 90 64 22 18 83 98 45 87 99 57 29 44 5 98 62 37 16 50 80 30 13 1 65 99 50 92 79 44 58 5 19 56 76 62 79 7 27 38 9 87 33 10 75 74 97 89 58 46 77 48 14 49 7 66 40 15 98 25 41 25 81 88 39 68
0: 498
1: 2
2: 1 3
3: 2 4
4: 3 5 7
5: 4
6: 7
7: 4 6 10
8: 10 11
9: 10
10: 7 8 9 12
11: 8
12: 10 15 106
13: 15 16
14: 17
15: 12 13
16: 13
17: 14 19 20 474
18: 21
19: 17 21
20: 17 22
21: 18 19
22: 20 23
23: 22
24: 27 208
25: 26 27 28
26: 25
27: 24 25 445
28: 25
29: 30 32 349
30: 29 41
31: 32 220
32: 29 31 34 35
33: 34
34: 32 33
35: 32
36: 38 39
37: 39
38: 36 40
39: 36 37
40: 38 42
41: 30 43 44
42: 40 43
43: 41 42
44: 41 46
45: 47
46: 44 47 48
47: 45 46
48: 46 50
49: 50
50: 48 49
51: 52 53
52: 51 55
53: 51 54
54: 53
55: 52 56 58 299
56: 55
57: 60
58: 55
59: 60 62
60: 57 59
61: 62 63
62: 59 61
63: 61 65 458
64: 65
65: 63 64 66
66: 65 68
67: 69
68: 66
69: 67 71
70: 73
71: 69 74 422
72: 73 74
73: 70 72 75
74: 71 72 76 322
75: 73
76: 74 77
77: 76 78
78: 77 80
79: 81 235 457
80: 78 83
81: 79 82 84
82: 81
83: 80
84: 81 86
85: 86
86: 84 85 87 422
87: 86 88
88: 87 90 91
89: 91
90: 88
91: 88 89 94
92: 95
93: 96 468
94: 91 95 96
95: 92 94
96: 93 94 97
97: 96 98 99 100
98: 97
99: 97 101
100: 97
101: 99
102: 103 104 105
103: 102
104: 102
105: 102 108
106: 12 109 169
107: 108 110
108: 105 107 340
109: 106
110: 107 113 452
111: 112
112: 111 113
113: 110 112 115
114: 115 117
115: 113 114 118
116: 117
117: 114 116 119
118: 115 446
119: 117 121
120: 122
121: 119 123
122: 120 125
123: 121 124
124: 123
125: 122 126 128
126: 125
127: 128 129
128: 125 127 131
129: 127 130 467
130: 129 132
131: 128
132: 130 133
133: 132
134: 266 306
135: 439
136: 138 259
137: 138
138: 136 137 140 141
139: 141
140: 138 143 317
141: 138 139
142: 143 144 381
143: 140 142
144: 142 146 172
145: 147 299
146: 144 147
147: 145 146 149
148: 151
149: 147
150: 153
151: 148 154
152: 155
153: 150 154
154: 151 153 157
155: 152 156 158
156: 155 157
157: 154 156 159
158: 155 161
159: 157 160
160: 159
161: 158 162
162: 161 164 308
163: 164 165 166
164: 162 163
165: 163 167
166: 163 169
167: 165 170
168: 171
169: 106 166
170: 167
171: 168 174
172: 144
173: 175
174: 171 176 177 331
175: 173 177 178
176: 174
177: 174 175
178: 175 179 181
179: 178
180: 183
181: 178 183
182: 183 185
183: 180 181 182 184
184: 183
185: 182 186
186: 185 189 480
187: 190
188: 190
189: 186
190: 187 188 191
191: 190 193
192: 194 248
193: 191 195 196
194: 192 195
195: 193 194
196: 193 198
197: 198 199
198: 196 197 200
199: 197
200: 198 201 203
201: 200 204
202: 205
203: 200
204: 201 205
205: 202 204 206
206: 205 209
207: 210
208: 24 209
209: 206 208 210 211
210: 207 209 213
211: 209 212
212: 211 215
213: 210
214: 215
215: 212 214
216: 371
217: 218 219 220 264
218: 217
219: 217
220: 31 217 222
221: 498
222: 220 224
223: 225 261
224: 222 226
225: 223 228
226: 224 228 229
227: 228
228: 225 226 227
229: 226 231
230: 231
231: 229 230 233
232: 234 235
233: 231
234: 232 237
235: 79 232
236: 237
237: 234 236 239
238: 241
239: 237 240
240: 239 243 288
241: 238 242
242: 241 244
243: 240 244 321
244: 242 243
245: 248
246: 249
247: 250
248: 192 245 250
249: 246 250
250: 247 248 249 311
251: 252 253 441
252: 251
253: 251 256
254: 256
255: 256 257 258
256: 253 254 255 259
257: 255
258: 255
259: 136 256 397
260: 261
261: 223 260
262: 265
263: 265
264: 217
265: 262 263 267
266: 134 269
267: 265 270
268: 269
269: 266 268 271
270: 267 272
271: 269 274
272: 270 274
273: 275
274: 271 272 276 359
275: 273 276 400
276: 274 275 279 434
277: 278
278: 277 280
279: 276
280: 278 282
281: 282
282: 280 281 283
283: 282 285 286
284: 285 363
285: 283 284 480
286: 283 287
287: 286 290
288: 240 289
289: 288 291 292
290: 287
291: 289
292: 289
293: 294
294: 293 295 296 297
295: 294 298
296: 294
297: 294
298: 295 300
299: 55 145 486
300: 298 302
301: 304
302: 300 305
303: 305
304: 301 305 432
305: 302 303 304 306 307
306: 134 305
307: 305 308
308: 162 307
309: 312
310: 311 312 412
311: 250 310
312: 309 310 313
313: 312 314
314: 313
315: 316
316: 315 319 351
317: 140 319
318: 319
319: 316 317 318
320: 323
321: 243 324
322: 74 325
323: 320 326
324: 321
325: 322
326: 323 328
327: 329
328: 326 329 330
329: 327 328
330: 328 331 332
331: 174 330 334
332: 330 333
333: 332
334: 331 335 336
335: 334 453
336: 334 337 339
337: 336 338
338: 337
339: 336 340 342
340: 108 339 343
341: 344
342: 339 345
343: 340
344: 341 345
345: 342 344 346 347 348 493
346: 345
347: 345
348: 345
349: 29 352
350: 352 368
351: 316 353
352: 349 350
353: 351 355
354: 356
355: 353 358
356: 354 359
357: 358
358: 355 357 359 361
359: 274 356 358 362
360: 362
361: 358
362: 359 360 364
363: 284 365 366
364: 362
365: 363 367
366: 363
367: 365 369 370
368: 350 369
369: 367 368 395
370: 367 372 373
371: 216 372 374
372: 370 371
373: 370
374: 371 377
375: 376
376: 375 377 378 379
377: 374 376 380
378: 376 381
379: 376
380: 377
381: 142 378 384
382: 385
383: 384
384: 381 383 385
385: 382 384 387
386: 388 389
387: 385
388: 386 390 391
389: 386 392
390: 388
391: 388
392: 389 393
393: 392 394
394: 393 396
395: 369 396
396: 394 395
397: 259 398 399
398: 397
399: 397
400: 275
401: 403 404
402: 405 464
403: 401 406
404: 401
405: 402 407 408
406: 403 408
407: 405 410
408: 405 406
409: 411
410: 407
411: 409 412
412: 310 411 413 414
413: 412
414: 412 416
415: 416
416: 414 415
417: 419
418: 419 435
419: 417 418 420
420: 419 423
421: 422 423
422: 71 86 421
423: 420 421 425
424: 427
425: 423 426
426: 425 427
427: 424 426 430
428: 429 431
429: 428
430: 427 431
431: 428 430
432: 304 435
433: 434 436
434: 276 433
435: 418 432
436: 433
437: 440
438: 439 440
439: 135 438 441
440: 437 438
441: 251 439 443
442: 444
443: 441 444
444: 442 443 445
445: 27 444
446: 118
447: 450
448: 451
449: 469
450: 447 451 452
451: 448 450
452: 110 450
453: 335
454: 456
455: 457
456: 454 459
457: 79 455 458
458: 63 457 459
459: 456 458 460
460: 459
461: 462
462: 461 463 464 465
463: 462
464: 402 462
465: 462 466
466: 465 467 469
467: 129 466 468
468: 93 467 470
469: 449 466 472
470: 468 471
471: 470
472: 469 473
473: 472 476
474: 17 475
475: 474 476
476: 473 475 477
477: 476 478
478: 477 479
479: 478 481
480: 186 285
481: 479
482: 485
483: 484 485 486
484: 483
485: 482 483
486: 299 483 487
487: 486 490
488: 489 491
489: 488
490: 487 491
491: 488 490
492: 495
493: 345 494 495
494: 493
495: 492 493 497
496: 497 498
497: 495 496
498: 0 221 496 499
499: 498