250 3

76 10 55 65 69 60 31 99 90 85 98 34 47 89 36 76 15 22 57 38 59 63 1 59 21 58 57 55 81 59 37 72 34 91 19 10 5 76 76 100 2 20 93 70 59 96 96 9 42 90 86 73 97 52 70 53 14 75 97 85 38 77 72 82 34 34 19 80 97 8 43 21 95 61 1 68 62 66 13 56 58 83 60 73 71 17 16 93 9 33 70 59 77 37 31 21 56 59 47 66 15 91 28 11 41 56 6 54 77 26 7 20 79 79 36 56 42 1 12 71 40 46 11 78 73 94 5 99 66 57 10 22 15 75 11 8 3 4 27 58 1 33 19 14 13 8 60 26 97 22 90 40 57 2 86 44 26 3 97 4 28 15 11 80 36 76 97 39 62 100 11 88 2 14 9 97 38 59 91 18 34 66 11 88 11 71 39 27 88 86 89 40 57 3 12 15 81 36 79 51 78 74 96 41 60 37 57 70 14 29 50 51 84 29 77 85 37 30 58 52 63 1 97 67 63 57 1 45 76 27 31 36 30 39 28 95 69 74 81 15 57 64 31 14 29 16 14 96 23 58
0: 5
1: 4 246
2: 3
3: 2 6
4: 1 7
5: 0 7
6: 3 11
7: 4 5 8 10
8: 7 135
9: 13
10: 7 15
11: 6 12
12: 11 15 16
13: 9 18
14: 123
15: 10 12
16: 12 17 223
17: 16 18 19 185
18: 13 17
19: 17
20: 23 25
21: 24 220
22: 24
23: 20 24 26
24: 21 22 23
25: 20 27 28
26: 23
27: 25 29 31
28: 25 32
29: 27 34
30: 33 34
31: 27 35
32: 28
33: 30
34: 29 30
35: 31 37
36: 40
37: 35 239
38: 39
39: 38 44
40: 36 44
41: 42 43 44
42: 41
43: 41
44: 39 40 41 49 135
45: 49 50
46: 48 143
47: 49
48: 46 53
49: 44 45 47 51
50: 45
51: 49
52: 56
53: 48
54: 58 59
55: 57 210
56: 52 58
57: 55 58
58: 54 56 57
59: 54 64
60: 126
61: 63
62: 67
63: 61 66
64: 59
65: 70
66: 63 160
67: 62 70 71
68: 69 70 73
69: 68
70: 65 67 68
71: 67 72
72: 71 114
73: 68 78
74: 232
75: 77 79
76: 80
77: 75
78: 73 79
79: 75 78
80: 76 81 83
81: 80
82: 86
83: 80 84
84: 83 89
85: 88
86: 82 87 91 207
87: 86
88: 85 131
89: 84 91
90: 193
91: 86 89 93 96
92: 95 97 136
93: 91
94: 95
95: 92 94
96: 91
97: 92 98 101
98: 97 100
99: 121
100: 98
101: 97 102 103 106
102: 101
103: 101 242
104: 109
105: 108
106: 101 109
107: 110
108: 105 112
109: 104 106 110
110: 107 109 114 171
111: 113 116
112: 108 117 248
113: 111 118
114: 72 110
115: 204
116: 111 119
117: 112 119 218
118: 113 120
119: 116 117 121
120: 118
121: 99 119 122
122: 121 124 127
123: 14 126 127
124: 122
125: 127
126: 60 123
127: 122 123 125 129
128: 133
129: 127 131 134
130: 155
131: 88 129
132: 135 136
133: 128 137
134: 129 136
135: 8 44 132 137 139
136: 92 132 134 138
137: 133 135
138: 136 142 143
139: 135 141
140: 144 145
141: 139 144
142: 138
143: 46 138
144: 140 141 146 147 154
145: 140
146: 144 148 207
147: 144
148: 146 153
149: 151
150: 154
151: 149 152
152: 151 153 155
153: 148 152
154: 144 150 156 159
155: 130 152 158
156: 154
157: 159 161
158: 155
159: 154 157
160: 66 161 162 165
161: 157 160
162: 160
163: 164 168
164: 163 166 167
165: 160 170
166: 164 169
167: 164
168: 163 172
169: 166 177
170: 165 174
171: 110
172: 168
173: 175 176 177 178
174: 170
175: 173
176: 173 181 238
177: 169 173
178: 173 179 183
179: 178 180
180: 179 184
181: 176
182: 183
183: 178 182 187
184: 180 186 188
185: 17
186: 184
187: 183 192
188: 184 191 193
189: 194
190: 193
191: 188 243
192: 187 197
193: 90 188 190
194: 189 195 197
195: 194 198 199
196: 201
197: 192 194
198: 195
199: 195 202
200: 205
201: 196 202
202: 199 201 203 206
203: 202 204 211
204: 115 203
205: 200 206
206: 202 205 210
207: 86 146 209
208: 209 211
209: 207 208 212
210: 55 206
211: 203 208
212: 209 217
213: 214 216
214: 213 215
215: 214 217
216: 213
217: 212 215 221
218: 117
219: 221
220: 21 225
221: 217 219 224
222: 224
223: 16
224: 221 222 226 227
225: 220 226
226: 224 225 231
227: 224 229
228: 230 232
229: 227
230: 228
231: 226 233
232: 74 228 237
233: 231 237
234: 235 239
235: 234
236: 241
237: 232 233
238: 176
239: 37 234
240: 242
241: 236 244 246
242: 103 240 245
243: 191 247
244: 241
245: 242
246: 1 241
247: 243 249
248: 112
249: 247