250 5

42 95 71 76 35 28 61 15 11 87 65 4 21 84 92 90 92 59 34 60 16 77 82 69 38 55 97 24 99 14 58 1 81 50 44 95 8 22 15 53 18 95 60 92 77 28 37 16 69 90 85 45 54 40 36 99 31 50 45 39 36 51 73 1 44 4 46 58 65 91 54 59 50 6 40 41 25 54 68 65 70 81 11 97 34 75 64 20 85 78 83 80 47 54 62 67 6 89 21 23 1 49 11 71 80 42 12 89 25 60 37 4 19 28 11 18 65 6 50 35 23 43 93 13 21 98 80 46 34 59 79 93 47 50 2 39 83 1 7 16 71 64 30 77 89 44 59 37 27 26 47 22 58 21 82 20 60 27 13 22 92 16 41 82 80 71 76 62 71 33 68 99 7 31 65 39 43 28 97 13 71 49 47 33 90 84 8 8 60 66 26 71 62 11 6 14 33 72 74 19 15 61 40 45 3 66 76 13 93 62 75 63 99 69 59 4 1 72 90 96 70 5 54 31 43 77 14 65 22 77 21 81 58 42 36 34 41 46 48 37 74 34 36 17 97 25 11 2 79 16
0: 134 248
1: 2 6 246
2: 1 4
3: 8
4: 2 34
5: 10
6: 1 8
7: 11
8: 3 6 12 13
9: 10 13 205
10: 5 9
11: 7 16 185
12: 8
13: 8 9 14
14: 13 17 19 122 123
15: 16 18
16: 11 15 17 21
17: 14 16
18: 15 20 22
19: 14 23
20: 18 24
21: 16
22: 18
23: 19
24: 20
25: 26
26: 25 28
27: 28 32
28: 26 27 31
29: 30
30: 29 31
31: 28 30 162
32: 27
33: 34 35 67
34: 4 33
35: 33
36: 39 40 150
37: 40 239
38: 40 42
39: 36 41 43
40: 36 37 38
41: 39
42: 38
43: 39 45 47
44: 45
45: 43 44
46: 48 49
47: 43
48: 46
49: 46 54
50: 51 182
51: 50 52
52: 51 53 54
53: 52
54: 49 52
55: 56 57
56: 55 200
57: 55 62
58: 60
59: 77
60: 58 65 126
61: 62
62: 57 61 63
63: 62 64 68
64: 63 65 69
65: 60 64 70
66: 67 70
67: 33 66 139
68: 63
69: 64
70: 65 66 75
71: 72 76
72: 71 114
73: 74 76
74: 73 79 176
75: 70
76: 71 73 77
77: 59 76 78
78: 77
79: 74
80: 81 84
81: 80 82
82: 81
83: 84 85 86
84: 80 83
85: 83 87 110
86: 83
87: 85 90 92
88: 89 107
89: 88 90
90: 87 89
91: 92
92: 87 91
93: 97 98
94: 96 99
95: 98 100
96: 94
97: 93
98: 93 95 102
99: 94 103
100: 95 105
101: 106
102: 98 107
103: 99 242
104: 109
105: 100 237
106: 101 110
107: 88 102
108: 112 113
109: 104 111
110: 85 106
111: 109 115
112: 108
113: 108 114
114: 72 113 228
115: 111 120
116: 119
117: 122
118: 122
119: 116 120 121
120: 115 119 125 225
121: 119
122: 14 117 118 125
123: 14
124: 127
125: 120 122
126: 60
127: 124 129 131
128: 131
129: 127 132
130: 155
131: 127 128
132: 129 136
133: 138
134: 0 136
135: 140
136: 132 134
137: 140 141
138: 133 139
139: 67 138 141
140: 135 137 213
141: 137 139 142
142: 141 146
143: 144 145 148
144: 143
145: 143
146: 142 150
147: 152
148: 143 151
149: 151 154
150: 36 146
151: 148 149
152: 147 155 156
153: 156
154: 149 159
155: 130 152
156: 152 153 157
157: 156 159 161
158: 161 163
159: 154 157
160: 162
161: 157 158 162 165 166
162: 31 160 161
163: 158 191
164: 217
165: 161 169
166: 161
167: 168
168: 167 169
169: 165 168 171
170: 172 173
171: 169
172: 170
173: 170 176 178
174: 179
175: 177
176: 74 173 238
177: 175 179 181
178: 173
179: 174 177 198
180: 181
181: 177 180 184
182: 50 183
183: 182 186 187
184: 181 186 188
185: 11 188
186: 183 184
187: 183
188: 184 185 189
189: 188 190
190: 189
191: 163 193
192: 193
193: 191 192 194
194: 193 197
195: 197 199
196: 197
197: 194 195 196
198: 179
199: 195 201
200: 56 201 203
201: 199 200
202: 208
203: 200
204: 207
205: 9
206: 211
207: 204 211
208: 202 212
209: 211 212
210: 214
211: 206 207 209
212: 208 209 217
213: 140 217
214: 210 216 218
215: 220
216: 214
217: 164 212 213 220
218: 214 220
219: 221 224
220: 215 217 218
221: 219 226
222: 224
223: 228
224: 219 222
225: 120
226: 221 230
227: 228
228: 114 223 227 229
229: 228
230: 226 235
231: 232 233
232: 231 236 237
233: 231 238 248
234: 239
235: 230 237
236: 232 241
237: 105 232 235
238: 176 233 240
239: 37 234
240: 238 242 245
241: 236
242: 103 240
243: 244 247
244: 243 249
245: 240 249
246: 1 247
247: 243 246
248: 0 233
249: 244 245