1000 2

57 92 44 28 51 64 44 53 7 10 10 26 91 84 80 13 14 63 13 76 100 35 17 13 11 7 38 60 96 28 9 36 15 84 77 60 19 8 46 53 83 62 93 100 56 60 81 64 9 43 91 6 61 2 38 70 13 98 55 41 83 54 85 33 24 62 8 97 100 39 5 17 49 97 10 67 14 97 10 14 6 96 10 84 52 70 80 29 82 83 56 42 3 84 80 81 4 78 77 10 51 88 68 44 1 71 3 5 91 24 54 64 85 68 38 46 86 100 40 83 61 54 73 45 60 27 84 88 86 71 47 53 72 11 91 69 49 37 1 83 31 43 25 50 5 67 56 3 6 86 86 19 18 7 38 96 19 86 30 96 67 91 63 35 57 74 70 30 24 77 10 25 84 7 17 48 27 46 19 60 61 36 99 12 23 56 3 48 29 37 34 46 93 67 19 55 53 75 38 68 23 20 70 69 70 56 93 7 34 34 70 56 74 39 1 77 95 2 32 92 40 15 14 60 13 64 9 60 67 58 70 84 67 9 93 30 39 12 61 83 86 92 37 68 64 60 14 97 2 12 4 79 53 67 59 5 33 19 55 93 48 14 84 88 71 51 54 65 57 66 82 31 50 80 34 28 82 90 33 4 51 6 4 56 16 29 43 50 2 60 97 1 18 23 49 59 19 53 77 29 11 94 38 23 12 9 22 92 78 35 21 51 47 45 38 96 56 29 93 37 50 94 27 63 78 9 83 69 83 76 8 79 58 73 77 68 49 96 1 71 43 63 89 75 60 58 68 99 50 87 91 36 52 67 18 26 52 27 24 98 6 49 29 51 48 90 86 79 14 46 52 7 83 71 62 34 96 30 78 6 24 20 70 82 89 7 46 100 46 71 86 91 15 99 75 25 35 70 44 64 61 74 24 93 92 34 41 62 82 71 55 65 15 61 52 41 13 1 19 78 66 61 19 38 78 26 65 82 9 66 95 15 44 82 79 85 53 61 64 21 67 8 79 100 71 2 85 59 99 69 67 84 52 36 54 61 40 34 69 2 37 19 12 69 72 82 83 25 78 35 78 100 87 61 26 5 33 31 17 51 49 69 7 43 63 34 99 2 95 60 3 90 14 7 7 78 83 6 21 83 58 31 91 2 75 90 47 75 87 67 90 59 17 74 89 78 63 81 88 8 47 52 58 5 40 72 87 73 79 36 15 77 3 82 97 14 73 36 13 91 23 67 74 63 14 67 66 38 1 69 22 25 83 37 58 8 91 74 92 85 39 98 45 30 86 40 7 32 28 79 15 58 37 25 37 36 15 36 91 4 16 79 40 44 62 36 9 25 86 47 28 8 40 84 71 38 45 13 96 22 3 26 15 81 6 34 13 18 86 65 27 79 31 16 80 4 37 69 27 33 8 62 19 79 89 4 39 90 14 41 32 51 18 63 5 3 46 82 83 46 70 58 68 39 1 63 83 91 75 69 49 27 60 47 5 21 27 28 45 62 96 39 45 43 8 27 31 84 25 41 18 67 54 17 40 44 19 82 37 38 62 88 5 4 6 56 17 77 9 60 50 84 18 22 26 49 53 63 57 1 57 36 71 31 25 18 17 72 72 41 63 72 51 48 54 85 93 9 49 51 100 13 33 21 24 3 3 4 3 72 73 7 35 36 26 12 78 13 65 71 21 1 74 68 97 74 50 88 6 66 24 20 88 68 62 22 12 99 82 84 65 19 47 38 65 38 14 76 84 44 81 30 84 93 22 13 92 94 91 68 8 27 22 49 77 29 10 84 23 66 4 9 60 26 73 38 48 18 100 60 84 59 33 94 39 40 25 11 23 61 77 78 85 40 40 98 7 53 16 81 22 22 69 91 9 69 27 15 32 73 87 73 99 77 65 23 63 7 22 36 28 72 39 47 53 74 51 69 97 67 81 21 86 61 2 99 52 89 83 87 55 28 89 86 7 78 15 62 13 100 73 82 32 7 58 24 6 89 41 31 98 98 31 36 10 93 56 12 87 16 31 53 49 34 73 48 7 23 2 49 35 13 83 87 2 49 90 19 60 58 30 28 94 16 96 19 21 29 95 49 67 89 24 38 32 17 11 18 36 27 78 45 90 52 91 79 2 49 32 43 75 1 14 16 87 83 9 91 46 40 20 28 17 12 83 87 87 52 15 79 49 7 12 66 39 94 91 71 47 37 56 70 98 13 42 2 87 33 33 75 34 94 82 24 98 89 40 5 97 37 75 21 90 91 7 4 52 72 72 86
0: 1 703 996 997
1: 0 3 5
2: 7
3: 1 4 7
4: 3 8 9
5: 1
6: 8
7: 2 3
8: 4 6 11
9: 4
10: 12 14
11: 8 15
12: 10
13: 15 16 17
14: 10 15
15: 11 13 14
16: 13 18
17: 13
18: 16 19 22
19: 18
20: 21 596
21: 20 23 26
22: 18 27
23: 21 25
24: 26 28
25: 23
26: 21 24 30
27: 22
28: 24 29
29: 28
30: 26 32 709
31: 36
32: 30 34 35
33: 35
34: 32
35: 32 33 564
36: 31 41
37: 42
38: 40
39: 42 754
40: 38 45
41: 36 46
42: 37 39
43: 46
44: 47 49
45: 40 50
46: 41 43 975
47: 44 50
48: 51
49: 44 51
50: 45 47 52 55
51: 48 49 394
52: 50 56
53: 54 58
54: 53
55: 50
56: 52 57
57: 56 61
58: 53 62
59: 62
60: 61
61: 57 60 62
62: 58 59 61 63 67
63: 62
64: 428
65: 993
66: 68
67: 62 69
68: 66 459
69: 67 71 72 73 860
70: 71
71: 69 70 75
72: 69
73: 69
74: 75 76
75: 71 74
76: 74 891
77: 78 79 82 876
78: 77
79: 77 80
80: 79
81: 86
82: 77 84 485
83: 88
84: 82 85
85: 84 88 89 90
86: 81 89
87: 90 91
88: 83 85
89: 85 86
90: 85 87
91: 87 96
92: 95 97
93: 95
94: 98
95: 92 93
96: 91 98
97: 92 100
98: 94 96 102
99: 103
100: 97 765
101: 105 153
102: 98
103: 99 497
104: 107
105: 101 106 110
106: 105
107: 104 108 111
108: 107
109: 112
110: 105 112 530
111: 107 112
112: 109 110 111 114
113: 116
114: 112
115: 119
116: 113 117 119
117: 116
118: 121
119: 115 116 275
120: 121 124
121: 118 120 125
122: 126 963 987
123: 124
124: 120 123 127
125: 121
126: 122 129 131
127: 124 366 977
128: 131 133
129: 126 130
130: 129 132
131: 126 128 134
132: 130
133: 128 135 136
134: 131 137 139
135: 133 138 140
136: 133 491
137: 134
138: 135
139: 134
140: 135 142 164
141: 614
142: 140 143
143: 142 144
144: 143 146
145: 617
146: 144
147: 148
148: 147 452
149: 150
150: 149 249
151: 152 274 879
152: 151 155 156
153: 101
154: 156 157
155: 152 158
156: 152 154
157: 154 159 161
158: 155
159: 157
160: 163
161: 157 162
162: 161
163: 160 165 168
164: 140
165: 163
166: 168
167: 378
168: 163 166 170
169: 171 663
170: 168 171
171: 169 170 557
172: 173 177
173: 172 174 176 399
174: 173
175: 177 180
176: 173
177: 172 175 182
178: 180 181
179: 183 582
180: 175 178 183 185
181: 178 480
182: 177
183: 179 180
184: 532
185: 180 186 188
186: 185 187
187: 186
188: 185 193
189: 193
190: 191 194 195
191: 190
192: 194 197
193: 188 189
194: 190 192 527
195: 190 196
196: 195 549
197: 192
198: 203 341 563
199: 204
200: 204
201: 203
202: 203 206 207
203: 198 201 202
204: 199 200 205 209
205: 204 207
206: 202
207: 202 205 776
208: 211
209: 204
210: 212 213
211: 208 214 215 216
212: 210 215 525 786
213: 210
214: 211 217
215: 211 212
216: 211 221
217: 214
218: 221 223
219: 221 705
220: 223
221: 216 218 219 222 225
222: 221
223: 218 220 224 227
224: 223
225: 221 663
226: 229
227: 223
228: 229 231
229: 226 228
230: 234
231: 228 236
232: 235 393
233: 236 237
234: 230 235
235: 232 234 239
236: 231 233
237: 233 238 239
238: 237
239: 235 237
240: 243 244
241: 243 246
242: 247 738
243: 240 241 256
244: 240 245
245: 244 247
246: 241
247: 242 245 930
248: 252
249: 150 250 252 254 830
250: 249
251: 253
252: 248 249 253
253: 251 252 258
254: 249 854
255: 259
256: 243 258
257: 260 854
258: 253 256
259: 255 260 263
260: 257 259
261: 263
262: 263
263: 259 261 262
264: 269
265: 267 347
266: 270
267: 265 691
268: 273
269: 264 273 274
270: 266 271 272 273 275
271: 270
272: 270
273: 268 269 270 278
274: 151 269 442
275: 119 270 280
276: 280
277: 280
278: 273
279: 280
280: 275 276 277 279 281 283 995
281: 280
282: 287 613
283: 280 284 818
284: 283
285: 289
286: 290 291
287: 282 289
288: 293
289: 285 287 290
290: 286 289 293 295
291: 286
292: 297
293: 288 290
294: 296
295: 290 297 299
296: 294 299 584
297: 292 295 301
298: 301
299: 295 296 501
300: 906
301: 297 298 303 305
302: 304
303: 301
304: 302 308 309 610
305: 301
306: 308 311 969
307: 312 985
308: 304 306
309: 304
310: 311
311: 306 310 316
312: 307
313: 315
314: 316
315: 313 318
316: 311 314 317 320
317: 316
318: 315 320 321
319: 323
320: 316 318 322 323
321: 318 326
322: 320
323: 319 320
324: 326 328 522
325: 329
326: 321 324
327: 329
328: 324
329: 325 327 334 540
330: 331 333 394
331: 330
332: 337
333: 330
334: 329 337
335: 933
336: 338 340
337: 332 334
338: 336 341 343
339: 856
340: 336 342
341: 198 338
342: 340 345
343: 338
344: 347
345: 342 349 738
346: 348
347: 265 344 348
348: 346 347
349: 345
350: 351 354
351: 350 352 356
352: 351 480
353: 358
354: 350
355: 359 360
356: 351 357
357: 356 358
358: 353 357 361
359: 355 361
360: 355 778
361: 358 359 362 363
362: 361 365 367
363: 361
364: 368
365: 362 368
366: 127
367: 362 371
368: 364 365
369: 372 397
370: 374
371: 367 374
372: 369 373 375
373: 372
374: 370 371
375: 372 377 378
376: 377
377: 375 376 803
378: 167 375 383
379: 383
380: 382 383 999
381: 385 386
382: 380
383: 378 379 380 385
384: 385 509 998
385: 381 383 384 388
386: 381
387: 388 390
388: 385 387 389
389: 388 392 393
390: 387
391: 393 395
392: 389
393: 232 389 391
394: 51 330
395: 391 396 400 804
396: 395 401
397: 369
398: 401 403
399: 173 402
400: 395 441
401: 396 398 993
402: 399
403: 398
404: 406
405: 410
406: 404 408 410
407: 411
408: 406 409
409: 408 411
410: 405 406 412 414
411: 407 409 413
412: 410
413: 411 435
414: 410 416 419
415: 417
416: 414
417: 415 422 931
418: 420 422 479
419: 414 424
420: 418 421
421: 420
422: 417 418 426 447
423: 425 426
424: 419 426 427
425: 423
426: 422 423 424 429
427: 424
428: 64 430
429: 426 431 433
430: 428 431
431: 429 430 432
432: 431
433: 429 437
434: 437
435: 413
436: 439 679
437: 433 434 440
438: 443
439: 436 440 443
440: 437 439 444
441: 400
442: 274
443: 438 439 445
444: 440 446
445: 443
446: 444 450
447: 422
448: 453
449: 452
450: 446 452 453
451: 454
452: 148 449 450 456
453: 448 450
454: 451 456 457
455: 456 660
456: 452 454 455 460
457: 454 462
458: 459 463
459: 68 458
460: 456 463
461: 463
462: 457 465
463: 458 460 461
464: 466 469
465: 462
466: 464
467: 469 472
468: 471 473
469: 464 467
470: 471 472 474
471: 468 470
472: 467 470
473: 468 476 477 478 531
474: 470 475
475: 474
476: 473
477: 473 481
478: 473
479: 418 481 800
480: 181 352
481: 477 479 482 483
482: 481 518
483: 481 486
484: 485
485: 82 484 489
486: 483 488 489 490 491
487: 490
488: 486
489: 485 486
490: 486 487 494
491: 136 486
492: 494 496
493: 494
494: 490 492 493
495: 499
496: 492
497: 103 499 502
498: 502 503
499: 495 497 501 504
500: 504
501: 299 499 506
502: 497 498 507
503: 498
504: 499 500
505: 506 510
506: 501 505 511
507: 502
508: 512 513
509: 384
510: 505 513
511: 506 871
512: 508
513: 508 510 514
514: 513 517
515: 516 519
516: 515 517
517: 514 516 518
518: 482 517 520
519: 515 523
520: 518
521: 525
522: 324
523: 519 524
524: 523
525: 212 521 530
526: 527 530
527: 194 526
528: 531
529: 532
530: 110 525 526 866
531: 473 528 533 535
532: 184 529 741
533: 531 534
534: 533
535: 531 536
536: 535 538 540
537: 538
538: 536 537 539 542
539: 538
540: 329 536
541: 545 546
542: 538 543 919
543: 542
544: 548
545: 541
546: 541 549 924
547: 551
548: 544 550
549: 196 546 551 552
550: 548 555
551: 547 549
552: 549 967
553: 557
554: 557
555: 550 556 557 559
556: 555
557: 171 553 554 555 562
558: 563
559: 555
560: 561
561: 560 563
562: 557
563: 198 558 561 566
564: 35
565: 567 570
566: 563 568 571
567: 565 959
568: 566
569: 572
570: 565
571: 566
572: 569 577
573: 776
574: 579
575: 576 933
576: 575 578 579 580
577: 572 579
578: 576
579: 574 576 577 581
580: 576
581: 579 585
582: 179
583: 588
584: 296 586
585: 581
586: 584
587: 589 591
588: 583 590 591 592
589: 587
590: 588
591: 587 588 594
592: 588 593 596
593: 592
594: 591
595: 599
596: 20 592 599
597: 598
598: 597 599
599: 595 596 598 604
600: 601 603 604
601: 600 984
602: 604
603: 600 605 607
604: 599 600 602
605: 603
606: 608
607: 603 611
608: 606 609 612
609: 608 611
610: 304 614
611: 607 609 615
612: 608
613: 282
614: 141 610
615: 611 616 619
616: 615 618
617: 145 619
618: 616
619: 615 617 622 623
620: 623 625
621: 623
622: 619
623: 619 620 621
624: 629
625: 620 627
626: 630
627: 625 629
628: 632
629: 624 627 630 632
630: 626 629
631: 634
632: 628 629 633
633: 632 636
634: 631 637
635: 637 640 766
636: 633 641
637: 634 635
638: 643
639: 640
640: 635 639 645
641: 636 952
642: 643 646
643: 638 642
644: 645
645: 640 644
646: 642 647
647: 646 649 652
648: 649
649: 647 648
650: 652 731
651: 653
652: 647 650 653 657
653: 651 652
654: 898
655: 657 658
656: 658
657: 652 655
658: 655 656 659
659: 658 662 664
660: 455 665
661: 664
662: 659 663
663: 169 225 662 665
664: 659 661
665: 660 663
666: 671
667: 672
668: 670
669: 673
670: 668 672
671: 666 672
672: 667 670 671 673 674 677
673: 669 672 676
674: 672
675: 680
676: 673
677: 672 680
678: 680 683
679: 436 682 684
680: 675 677 678 682
681: 682
682: 679 680 681
683: 678
684: 679 688
685: 687 689 690
686: 688
687: 685 692
688: 684 686 690
689: 685
690: 685 688
691: 267 695
692: 687
693: 695 696
694: 698
695: 691 693 699
696: 693 698
697: 698 701 702
698: 694 696 697
699: 695
700: 702
701: 697 704 705
702: 697 700
703: 0
704: 701 709
705: 219 701 706
706: 705 711
707: 708 711
708: 707 710
709: 30 704 713
710: 708
711: 706 707
712: 713
713: 709 712 715
714: 719
715: 713 716 719
716: 715 717
717: 716 718
718: 717
719: 714 715
720: 722
721: 725
722: 720 724 725 747
723: 838
724: 722
725: 721 722 729
726: 730
727: 731
728: 731 733
729: 725 730 734
730: 726 729
731: 650 727 728 736
732: 736
733: 728
734: 729 736
735: 736
736: 731 732 734 735 739
737: 740
738: 242 345
739: 736 741 758
740: 737 741
741: 532 739 740
742: 743
743: 742 748 971
744: 745 747
745: 744
746: 751
747: 722 744 750 752
748: 743
749: 752
750: 747 751
751: 746 750 756
752: 747 749
753: 754 757
754: 39 753 756
755: 760
756: 751 754 760
757: 753 759
758: 739 763
759: 757
760: 755 756
761: 763
762: 766
763: 758 761
764: 766 767
765: 100 770
766: 635 762 764 771
767: 764
768: 772
769: 774
770: 765 837
771: 766 774 776
772: 768 773
773: 772 778
774: 769 771 777
775: 779
776: 207 573 771
777: 774 779 782
778: 360 773 780 782
779: 775 777
780: 778
781: 785
782: 777 778 785
783: 784
784: 783 786
785: 781 782 787
786: 212 784 789
787: 785 788
788: 787 790
789: 786
790: 788 794
791: 792
792: 791 797
793: 794
794: 790 793 796
795: 799 800
796: 794
797: 792 800 801
798: 800
799: 795
800: 479 795 797 798
801: 797
802: 804
803: 377 805
804: 395 802
805: 803 807 810
806: 809
807: 805 808
808: 807 812
809: 806 814
810: 805 813
811: 814
812: 808
813: 810
814: 809 811 818
815: 816 819
816: 815 817 820 821
817: 816 822
818: 283 814 822
819: 815 823
820: 816
821: 816
822: 817 818 824 825
823: 819
824: 822
825: 822
826: 831
827: 828 832
828: 827 829 831
829: 828
830: 249 831
831: 826 828 830
832: 827 833
833: 832 836
834: 835 838
835: 834 837 839
836: 833 839 840
837: 770 835
838: 723 834 842
839: 835 836 844
840: 836
841: 842
842: 838 841
843: 848
844: 839 848
845: 848
846: 851
847: 850
848: 843 844 845 853
849: 853
850: 847 852
851: 846 856
852: 850 856 857
853: 848 849 858
854: 254 257 855
855: 854
856: 339 851 852 858 859
857: 852
858: 853 856
859: 856 860
860: 69 859 861 862 863 864
861: 860 865
862: 860
863: 860
864: 860 867
865: 861 870
866: 530 869
867: 864 868
868: 867
869: 866
870: 865
871: 511
872: 874 875 876
873: 876 878
874: 872
875: 872
876: 77 872 873
877: 880 881
878: 873
879: 151 883 884
880: 877 882 884
881: 877 886
882: 880
883: 879
884: 879 880 887 888
885: 886
886: 881 885
887: 884
888: 884
889: 892
890: 891
891: 76 890 892 896
892: 889 891 897
893: 894 895
894: 893
895: 893 897 900
896: 891
897: 892 895
898: 654 903
899: 903
900: 895 901 903
901: 900 905
902: 906
903: 898 899 900 907
904: 908
905: 901 908 910
906: 300 902 907
907: 903 906
908: 904 905
909: 910 912
910: 905 909
911: 913
912: 909
913: 911 915
914: 916 917
915: 913 916 918
916: 914 915 919 920
917: 914 921
918: 915 923
919: 542 916 922
920: 916
921: 917
922: 919
923: 918
924: 546 925 928
925: 924
926: 930
927: 931
928: 924
929: 932
930: 247 926 931
931: 417 927 930 934 936
932: 929 934 937
933: 335 575
934: 931 932
935: 938
936: 931 938 940
937: 932 941
938: 935 936
939: 942
940: 936 943
941: 937 944 946
942: 939 947
943: 940
944: 941 945 948
945: 944
946: 941 947
947: 942 946
948: 944 950
949: 953 954
950: 948
951: 955
952: 641 954
953: 949 958
954: 949 952
955: 951 957 959
956: 961
957: 955 960
958: 953
959: 567 955
960: 957 963
961: 956 962 964
962: 961
963: 122 960 966
964: 961 966 969
965: 966
966: 963 964 965
967: 552
968: 973
969: 306 964 971
970: 971 974
971: 743 969 970 972 975
972: 971
973: 968 975 977 993
974: 970
975: 46 971 973
976: 978 979
977: 127 973 979
978: 976
979: 976 977 981
980: 983
981: 979
982: 985
983: 980 987
984: 601 985
985: 307 982 984
986: 987
987: 122 983 986 988
988: 987
989: 990
990: 989 995
991: 996
992: 993
993: 65 401 973 992
994: 999
995: 280 990 996
996: 0 991 995 998
997: 0
998: 384 996
999: 380 994