250 6

475 326 1 420 98 157 477 370 195 351 497 106 178 215 8 91 210 36 62 322 375 222 41 341 484 398 480 158 353 179 355 108 388 74 494 270 84 255 252 20 415 113 173 327 302 14 177 106 428 260 206 394 398 31 259 345 474 451 15 472 127 271 111 423 208 27 96 212 64 60 168 484 416 316 377 31 421 486 372 329 63 133 1 458 85 8 445 43 185 254 372 173 476 374 178 277 445 29 436 465 87 297 409 203 121 161 416 76 96 451 412 289 407 47 36 377 157 277 232 273 103 65 203 362 283 33 293 417 232 477 42 148 236 43 373 319 495 315 116 393 123 334 200 90 406 312 314 190 189 251 414 344 4 413 83 283 400 97 431 289 40 383 212 410 159 386 377 153 42 201 464 442 429 22 64 33 31 10 182 126 363 413 37 285 34 194 454 344 155 457 290 379 61 143 12 329 69 431 86 442 183 130 211 122 34 328 306 263 303 394 381 116 461 274 498 444 121 443 285 256 235 54 30 137 445 12 463 402 5 263 95 17 415 36 307 175 136 260 42 487 150 380 120 277 474 321 498 226 389 33
0: 1
1: 0 3
2: 3 6
3: 1 2 4 5
4: 3 241
5: 3 10 205
6: 2 11 165
7: 9
8: 13 135
9: 7 11 14
10: 5 12
11: 6 9 185
12: 10 15 17
13: 8 14
14: 9 13
15: 12 16
16: 15 19 223
17: 12
18: 20
19: 16 21 23
20: 18 23 25
21: 19 197
22: 24 33
23: 19 20 24
24: 22 23
25: 20 26 27
26: 25
27: 25
28: 32 33
29: 33 116
30: 34
31: 33 35 162
32: 28
33: 22 28 29 31 38
34: 30 38
35: 31
36: 39
37: 239
38: 33 34 39
39: 36 38 42
40: 42
41: 43 45
42: 39 40 46
43: 41 48
44: 47 48 49 230
45: 41
46: 42
47: 44 51 52
48: 43 44
49: 44
50: 55
51: 47
52: 47
53: 126
54: 57 58
55: 50 58 210
56: 200
57: 54 59 60 62
58: 54 55
59: 57 63 77
60: 57
61: 65
62: 57 64
63: 59 65
64: 62
65: 61 63 68 69
66: 70
67: 70 139 222
68: 65 73
69: 65 72
70: 66 67 208
71: 75 76
72: 69
73: 68 75
74: 76
75: 71 73
76: 71 74 79
77: 59
78: 79
79: 76 78 84 151
80: 81
81: 80 82
82: 81 85 87
83: 86 87
84: 79
85: 82 110
86: 83
87: 82 83 89 92
88: 107
89: 87 90 91 93 94
90: 89
91: 89
92: 87 97
93: 89 98
94: 89
95: 99
96: 101
97: 92 99
98: 93
99: 95 97 100 103 104
100: 99
101: 96 104
102: 104
103: 99
104: 99 101 102 106 107 108
105: 109
106: 104
107: 88 104
108: 104
109: 105 113
110: 85 111 112 171
111: 110 116
112: 110 114
113: 109 114 115
114: 112 113
115: 113 120 204
116: 29 111 132
117: 118
118: 117 119 120
119: 118
120: 115 118 225
121: 123
122: 123 124 126 127
123: 121 122
124: 122
125: 129
126: 53 122 128
127: 122 130
128: 126 131
129: 125 131 133
130: 127
131: 128 129
132: 116
133: 129 136 137 167
134: 135 139
135: 8 134
136: 133
137: 133
138: 142 182
139: 67 134
140: 141
141: 140 142
142: 138 141 230
143: 144 145 147
144: 143
145: 143 146
146: 145 207
147: 143 149
148: 149
149: 147 148 150 154
150: 149
151: 79 155
152: 154
153: 158
154: 149 152 159
155: 151 157
156: 158 161
157: 155
158: 153 156
159: 154
160: 161 162
161: 156 160
162: 31 160
163: 168
164: 169
165: 6 166 167
166: 165
167: 133 165 168 170
168: 163 167
169: 164 171 172
170: 167
171: 110 169
172: 169 174 177
173: 176 177 178
174: 172 175
175: 174
176: 173
177: 172 173 182
178: 173
179: 183
180: 181 184
181: 180 186
182: 138 177 186
183: 179 186 221
184: 180 189
185: 11 244
186: 181 182 183
187: 188
188: 187 190 191
189: 184
190: 188
191: 188 194 243
192: 193 194 197
193: 192 195
194: 191 192
195: 193
196: 197 201
197: 21 192 196
198: 199
199: 198 203
200: 56 204
201: 196
202: 204
203: 199 206 211
204: 115 200 202 207 209
205: 5
206: 203 210
207: 146 204 211
208: 70
209: 204
210: 55 206
211: 203 207 214
212: 213 214 217
213: 212 215
214: 211 212
215: 213 218
216: 220
217: 212
218: 215
219: 223 224
220: 216 225
221: 183
222: 67
223: 16 219 228
224: 219
225: 120 220 226 227
226: 225
227: 225
228: 223 229
229: 228
230: 44 142 235
231: 233
232: 234
233: 231 234 248
234: 232 233 238 239
235: 230 237 240
236: 240
237: 235
238: 234 241
239: 37 234
240: 235 236 242
241: 4 238 245
242: 240 246
243: 191 247
244: 185
245: 241
246: 242
247: 243
248: 233 249
249: 248