250 2

126 392 337 103 184 373 198 56 71 344 354 29 453 278 202 419 76 88 369 327 96 47 312 262 59 46 60 410 351 215 65 142 236 86 386 119 341 65 7 429 88 115 356 421 96 107 10 116 421 42 83 490 214 256 455 375 124 469 376 47 39 86 479 434 34 262 78 205 144 390 285 150 366 283 319 129 374 476 16 383 247 205 111 315 412 32 5 494 149 309 47 259 290 405 252 60 173 148 4 324 370 253 426 188 133 8 155 129 463 67 442 90 253 449 494 171 193 165 181 444 315 484 162 232 66 174 36 86 361 282 213 139 362 162 139 389 192 138 49 341 55 190 374 483 423 264 496 187 390 443 438 144 95 436 348 149 184 390 321 362 466 320 358 361 222 462 300 197 324 81 280 309 346 52 346 102 353 340 431 33 363 157 200 388 345 80 76 343 124 375 189 244 409 191 269 308 430 163 43 420 499 486 118 103 454 358 461 213 154 44 131 430 312 90 79 445 315 146 227 185 213 402 350 163 494 142 471 102 461 159 498 274 207 158 305 71 240 430 315 251 16 92 469 300 253 420 221 223 240 423
0: 1 5 245
1: 0 246 247
2: 59 150
3: 4 181
4: 3 249
5: 0 44
6: 7 10
7: 6
8: 12
9: 13
10: 6 11 12
11: 10 16
12: 8 10
13: 9 17
14: 15 122
15: 14 17
16: 11 21
17: 13 15 19
18: 19
19: 17 18 21 23
20: 24 25
21: 16 19
22: 27
23: 19
24: 20
25: 20 27 29 30 46
26: 29
27: 22 25 28
28: 27 32
29: 25 26
30: 25
31: 33 162
32: 28
33: 31 35 38
34: 37
35: 33 36
36: 35
37: 34 38
38: 33 37
39: 43
40: 41 42 45
41: 40
42: 40
43: 39 46
44: 5 230
45: 40 46 47
46: 25 43 45
47: 45 51 52
48: 53
49: 53
50: 53 54 182
51: 47 55
52: 47
53: 48 49 50 126
54: 50
55: 51 58
56: 59
57: 59 60
58: 55 61
59: 2 56 57 63
60: 57 62
61: 58 63 64
62: 60
63: 59 61
64: 61 65 66
65: 64
66: 64 69 160
67: 72 139
68: 69 71
69: 66 68
70: 121
71: 68 74
72: 67 73 114
73: 72
74: 71 75 79
75: 74 80
76: 79
77: 80
78: 82
79: 74 76
80: 75 77 81
81: 80 82 83
82: 78 81 87
83: 81 84 156
84: 83 85 89
85: 84
86: 89
87: 82 88 91
88: 87
89: 84 86 93
90: 91 94
91: 87 90
92: 95 97
93: 89
94: 90
95: 92 98
96: 180
97: 92 100 102 150
98: 95 101
99: 101
100: 97 105
101: 98 99
102: 97 106
103: 217
104: 105
105: 100 104
106: 102 107
107: 106 110
108: 109 113
109: 108 111
110: 107 111 171
111: 109 110
112: 114 117
113: 108
114: 72 112
115: 204
116: 117 120 121
117: 112 116 218
118: 119 122
119: 118 124
120: 116
121: 70 116 125
122: 14 118
123: 127
124: 119 127
125: 121
126: 53
127: 123 124 128
128: 127 130 133
129: 133
130: 128 131 163
131: 130 136
132: 135
133: 128 129 137 138
134: 140
135: 132 136
136: 131 135
137: 133 141
138: 133 182
139: 67 140
140: 134 139 143 213
141: 137 144 145
142: 145 146
143: 140 144
144: 141 143
145: 141 142
146: 142 149
147: 149
148: 149 153
149: 146 147 148 151
150: 2 97
151: 149
152: 153 154 155
153: 148 152 158 185
154: 152
155: 152
156: 83
157: 159
158: 153
159: 157 160 162
160: 66 159
161: 162 165 166
162: 31 159 161 167
163: 130 168
164: 169
165: 161 169
166: 161
167: 162
168: 163 173
169: 164 165
170: 171 173
171: 110 170 175
172: 174 176
173: 168 170
174: 172
175: 171 176
176: 172 175
177: 180 182
178: 181 183
179: 183
180: 96 177 181
181: 3 178 180
182: 50 138 177 186 187
183: 178 179
184: 189
185: 153 188
186: 182
187: 182 191
188: 185
189: 184 191 192
190: 232
191: 187 189
192: 189
193: 198
194: 196
195: 221
196: 194 201
197: 199 200
198: 193 201
199: 197 201 203
200: 197
201: 196 198 199
202: 206
203: 199 206
204: 115 205 207 209
205: 204
206: 202 203 210
207: 204 210 211
208: 210
209: 204 213
210: 206 207 208
211: 207 214 216
212: 215
213: 140 209 217
214: 211
215: 212 217
216: 211 245
217: 103 213 215
218: 117 220
219: 221 223
220: 218 225
221: 195 219
222: 224 226
223: 219 228
224: 222 225 228
225: 220 224
226: 222 229
227: 229
228: 223 224 233
229: 226 227 234
230: 44 232 235
231: 233
232: 190 230
233: 228 231 236 248
234: 229
235: 230
236: 233 239
237: 238 242
238: 237
239: 236
240: 241 243
241: 240 245
242: 237 245
243: 240 244
244: 243
245: 0 216 241 242
246: 1
247: 1
248: 233
249: 4