250 6

86 48 98 78 75 35 8 98 7 69 23 28 81 39 28 76 61 58 30 29 76 58 21 15 87 25 79 89 34 57 14 18 63 36 61 21 37 62 15 100 56 20 16 41 45 39 100 96 71 7 23 49 82 53 49 44 2 88 81 18 41 86 84 11 28 27 53 60 80 69 91 72 18 27 85 78 71 36 90 11 87 85 55 83 1 69 87 46 66 89 5 55 45 24 36 19 34 74 24 68 65 86 50 68 37 76 13 6 75 35 37 41 67 32 16 4 51 79 73 100 59 5 21 45 5 89 55 84 26 33 73 51 74 6 49 60 49 64 87 91 88 58 37 54 12 15 46 93 71 79 18 23 57 68 40 43 77 92 49 82 57 49 91 77 87 50 82 29 60 88 41 81 31 36 97 23 75 57 52 25 77 92 85 23 100 11 72 82 10 69 47 30 91 9 9 76 68 20 4 26 76 62 79 33 62 2 37 10 20 20 72 2 59 45 49 35 71 77 31 68 75 96 11 97 52 12 25 52 36 51 75 57 59 15 85 47 69 13 23 79 11 39 59 94 83 78 42 58 7 86
0: 112 246 249
1: 5
2: 150 249
3: 6
4: 241
5: 1 6
6: 3 5 8 11 165
7: 11
8: 6 10
9: 11 205
10: 8 13
11: 6 7 9 15
12: 14
13: 10 91
14: 12 17
15: 11
16: 18 21
17: 14 20 22
18: 16 23
19: 24 72
20: 17 131
21: 16 24 25 197
22: 17 26
23: 18
24: 19 21
25: 21 26
26: 22 25
27: 28 30
28: 27
29: 33
30: 27 31
31: 30 162
32: 36
33: 29 34
34: 33 38
35: 36
36: 32 35 39
37: 38 42 239
38: 34 37 40
39: 36 40
40: 38 39 41 44
41: 40 45
42: 37
43: 104
44: 40
45: 41 49
46: 50
47: 49 52
48: 50
49: 45 47 54
50: 46 48 51 55 116
51: 50 52
52: 47 51 203
53: 55
54: 49 59
55: 50 53 58
56: 57 200
57: 56 62
58: 55 63
59: 54 60 77
60: 59 65
61: 219
62: 57
63: 58 66
64: 69
65: 60 127
66: 63
67: 69 84
68: 69
69: 64 67 68 70 73
70: 69 71 75 121
71: 70
72: 19 75 77
73: 69
74: 79
75: 70 72
76: 77 80
77: 59 72 76
78: 82
79: 74 84 151
80: 76
81: 82 86
82: 78 81
83: 85 88 156
84: 67 79 89
85: 83
86: 81 87 90
87: 86 89
88: 83
89: 84 87
90: 86
91: 13 92 96
92: 91 95 97
93: 97
94: 98
95: 92 99
96: 91
97: 92 93
98: 94 100 101
99: 95 101 104
100: 98 102
101: 98 99 103
102: 100 107
103: 101
104: 43 99
105: 109 110
106: 109
107: 102 112
108: 112
109: 105 106 111
110: 105 112 114
111: 109
112: 0 107 108 110
113: 114
114: 110 113 117
115: 117
116: 50 118 132
117: 114 115 119
118: 116
119: 117 120 123
120: 119 225
121: 70 126
122: 124
123: 119
124: 122 125
125: 124 126
126: 121 125 129
127: 65
128: 132
129: 126 130
130: 129
131: 20 136
132: 116 128 137
133: 137
134: 136
135: 139
136: 131 134
137: 132 133 138
138: 137 143
139: 135 141
140: 145
141: 139 144
142: 143
143: 138 142 146 147
144: 141 148
145: 140 147
146: 143 207
147: 143 145 149
148: 144 152
149: 147
150: 2
151: 79
152: 148 153 154
153: 152 158
154: 152 156
155: 157 158 159
156: 83 154
157: 155 160
158: 153 155 162
159: 155
160: 157 165
161: 166
162: 31 158 163
163: 162 166 195
164: 169 217
165: 6 160
166: 161 163
167: 168
168: 167 173
169: 164 173 174
170: 171 172
171: 170 173
172: 170
173: 168 169 171
174: 169 179
175: 177 178
176: 178 180
177: 175 179 182
178: 175 176
179: 174 177 181 183
180: 176
181: 179 184
182: 177 187
183: 179 221
184: 181
185: 186 188
186: 185
187: 182 188
188: 185 187 192
189: 192
190: 191 232
191: 190 243
192: 188 189
193: 195
194: 195 198 199
195: 163 193 194
196: 200
197: 21 201
198: 194 200
199: 194 203
200: 56 196 198
201: 197 206
202: 203 204
203: 52 199 202
204: 202
205: 9
206: 201
207: 146 208
208: 207 209 212
209: 208
210: 214
211: 215
212: 208
213: 216
214: 210 218
215: 211 216 218
216: 213 215 220
217: 164 220 222
218: 214 215
219: 61 222
220: 216 217
221: 183
222: 217 219 223 227
223: 222 226
224: 227 229
225: 120
226: 223
227: 222 224 230
228: 231 232
229: 224
230: 227 235
231: 228 233
232: 190 228
233: 231 235
234: 236 238
235: 230 233
236: 234
237: 239 240
238: 234 242
239: 37 237 241
240: 237
241: 4 239 245
242: 238 247
243: 191 244
244: 243 245
245: 241 244 248
246: 0 247
247: 242 246
248: 245
249: 0 2