250 3

106 332 431 454 295 88 238 68 31 157 197 183 321 454 130 375 84 119 425 305 251 13 207 335 86 10 71 70 469 227 55 34 374 351 79 229 385 95 382 133 162 341 301 316 500 295 362 286 477 369 88 159 258 91 5 167 266 155 424 457 276 263 336 424 173 89 209 20 143 314 46 52 246 82 461 371 16 31 436 200 340 172 40 476 151 400 490 414 112 32 149 103 303 401 418 8 93 361 473 274 73 155 260 447 461 391 323 101 402 180 160 329 123 260 492 133 248 385 120 460 368 42 24 413 298 403 4 146 436 284 483 283 21 352 373 478 348 412 281 337 212 323 177 492 131 190 360 223 61 194 74 137 253 495 449 107 400 101 432 2 168 6 211 45 110 35 330 118 97 474 50 44 6 46 283 60 305 61 312 210 133 362 52 90 298 145 473 363 288 336 320 118 447 446 287 89 25 385 424 495 242 279 92 306 279 156 488 174 430 275 306 196 177 202 264 416 355 399 259 429 416 398 87 209 88 242 36 361 436 423 24 224 21 192 207 179 253 215 184 95 172 423 384 179 20 368 336 181 373 451
0: 1 245 247
1: 0 249
2: 3 4 150
3: 2 181 248
4: 2
5: 44
6: 11
7: 8
8: 7 11
9: 10 13 205
10: 9
11: 6 8 185
12: 14
13: 9 14
14: 12 13 15 18
15: 14 16 17
16: 15
17: 15
18: 14 20
19: 72
20: 18
21: 23 25 197
22: 24
23: 21 28
24: 22 27
25: 21 26 46
26: 25
27: 24 31
28: 23
29: 34 116
30: 31
31: 27 30 33 35 162
32: 36
33: 31 38
34: 29 38
35: 31 39 40
36: 32 37
37: 36 40
38: 33 34
39: 35 44
40: 35 37 42
41: 44
42: 40 45 47
43: 47
44: 5 39 41
45: 42 50
46: 25
47: 42 43
48: 49
49: 48 50
50: 45 49
51: 55
52: 54 89
53: 54 58
54: 52 53 59
55: 51 57 58 210
56: 57
57: 55 56
58: 53 55 61
59: 54
60: 62
61: 58 62
62: 60 61 64
63: 64 67
64: 62 63 66 211
65: 67
66: 64
67: 63 65 69 70
68: 71
69: 67 71 72
70: 67 75
71: 68 69 206
72: 19 69 77
73: 78
74: 79 232
75: 70 79
76: 79
77: 72 78 82
78: 73 77 80
79: 74 75 76 83
80: 78
81: 82
82: 77 81
83: 79 84 88
84: 83
85: 90
86: 88 91 207
87: 92
88: 83 86 92
89: 52 93
90: 85 193
91: 86 96 242
92: 87 88 136
93: 89
94: 95
95: 94 96
96: 91 95 100
97: 99 101
98: 99 102
99: 97 98 121
100: 96
101: 97 105 142
102: 98
103: 104 242
104: 103 106 108
105: 101 106 110
106: 104 105
107: 112
108: 104 109 112
109: 108 113 114
110: 105
111: 115
112: 107 108
113: 109
114: 109 118
115: 111 118
116: 29 132
117: 121
118: 114 115 120
119: 122
120: 118
121: 99 117 122 125
122: 119 121 126
123: 128
124: 126
125: 121 127
126: 122 124 128
127: 125
128: 123 126 129 131 132 133
129: 128
130: 163
131: 128
132: 116 128 135
133: 128 138
134: 140
135: 132
136: 92 141
137: 138
138: 133 137
139: 142 143
140: 134 143 145 213
141: 136
142: 101 139 147
143: 139 140 148
144: 147
145: 140
146: 149
147: 142 144
148: 143 149
149: 146 148 151
150: 2
151: 149
152: 157
153: 185
154: 157
155: 158 159
156: 158
157: 152 154 159
158: 155 156 161
159: 155 157 160
160: 159 164
161: 158 165 166
162: 31
163: 130 164
164: 160 163 217
165: 161 169
166: 161 168 170
167: 172
168: 166
169: 165 171
170: 166 175
171: 169
172: 167 177
173: 178
174: 176 179
175: 170 176 177
176: 174 175 178
177: 172 175
178: 173 176
179: 174
180: 181 185
181: 3 180 184
182: 183 184
183: 182
184: 181 182 186
185: 11 153 180 187 190
186: 184 189
187: 185
188: 189
189: 186 188 191
190: 185 193
191: 189 243
192: 196 197
193: 90 190
194: 198 199
195: 197
196: 192 199 201
197: 21 192 195
198: 194 200 203
199: 194 196 204
200: 198
201: 196 206
202: 203
203: 198 202 205
204: 199
205: 9 203 208
206: 71 201
207: 86
208: 205
209: 210
210: 55 209 212
211: 64 214
212: 210
213: 140
214: 211 218
215: 216 217
216: 215
217: 164 215 220 221 239
218: 214 223
219: 224
220: 217
221: 217
222: 224 226
223: 218 225 227
224: 219 222
225: 223 230
226: 222 228
227: 223 228 229
228: 226 227
229: 227 233
230: 225 235
231: 233
232: 74 234
233: 229 231 248
234: 232
235: 230
236: 238
237: 242
238: 236 239
239: 217 238 241
240: 245
241: 239 246
242: 91 103 237
243: 191
244: 249
245: 0 240
246: 241 247
247: 0 246
248: 3 233 249
249: 1 244 248