169 2

408 178 13 236 405 434 2 212 378 167 144 335 238 374 491 203 139 392 99 164 192 238 475 354 442 317 155 35 363 204 439 266 473 117 483 45 36 266 483 204 39 161 294 461 308 179 175 136 471 176 204 116 304 134 48 120 398 353 209 228 292 285 90 316 180 235 290 280 302 483 292 188 243 185 51 20 482 459 167 477 35 368 275 273 172 349 165 484 325 292 486 452 58 87 404 124 356 155 439 229 12 165 247 123 425 441 43 225 434 2 274 301 66 428 243 418 61 50 206 369 439 462 469 227 300 24 21 59 153 272 98 230 470 476 23 169 375 18 123 128 128 117 261 387 495 136 76 183 491 377 500 432 486 321 201 96 102 125 359 229 148 468 148 3 55 469 32 373 242
0: 1 13
1: 0 2 14
2: 1 3 15
3: 2 4 16
4: 3 5 17
5: 4 6 18
6: 5 7 19
7: 6 8 20
8: 7 9 21
9: 8 10 22
10: 9 11 23
11: 10 12 24
12: 11 25
13: 0 14 26
14: 1 13 15 27
15: 2 14 16 28
16: 3 15 17 29
17: 4 16 18 30
18: 5 17 19 31
19: 6 18 20 32
20: 7 19 21 33
21: 8 20 22 34
22: 9 21 23 35
23: 10 22 24 36
24: 11 23 25 37
25: 12 24 38
26: 13 27 39
27: 14 26 28 40
28: 15 27 29 41
29: 16 28 30 42
30: 17 29 31 43
31: 18 30 32 44
32: 19 31 33 45
33: 20 32 34 46
34: 21 33 35 47
35: 22 34 36 48
36: 23 35 37 49
37: 24 36 38 50
38: 25 37 51
39: 26 40 52
40: 27 39 41 53
41: 28 40 42 54
42: 29 41 43 55
43: 30 42 44 56
44: 31 43 45 57
45: 32 44 46 58
46: 33 45 47 59
47: 34 46 48 60
48: 35 47 49 61
49: 36 48 50 62
50: 37 49 51 63
51: 38 50 64
52: 39 53 65
53: 40 52 54 66
54: 41 53 55 67
55: 42 54 56 68
56: 43 55 57 69
57: 44 56 58 70
58: 45 57 59 71
59: 46 58 60 72
60: 47 59 61 73
61: 48 60 62 74
62: 49 61 63 75
63: 50 62 64 76
64: 51 63 77
65: 52 66 78
66: 53 65 67 79
67: 54 66 68 80
68: 55 67 69 81
69: 56 68 70 82
70: 57 69 71 83
71: 58 70 72 84
72: 59 71 73 85
73: 60 72 74 86
74: 61 73 75 87
75: 62 74 76 88
76: 63 75 77 89
77: 64 76 90
78: 65 79 91
79: 66 78 80 92
80: 67 79 81 93
81: 68 80 82 94
82: 69 81 83 95
83: 70 82 84 96
84: 71 83 85 97
85: 72 84 86 98
86: 73 85 87 99
87: 74 86 88 100
88: 75 87 89 101
89: 76 88 90 102
90: 77 89 103
91: 78 92 104
92: 79 91 93 105
93: 80 92 94 106
94: 81 93 95 107
95: 82 94 96 108
96: 83 95 97 109
97: 84 96 98 110
98: 85 97 99 111
99: 86 98 100 112
100: 87 99 101 113
101: 88 100 102 114
102: 89 101 103 115
103: 90 102 116
104: 91 105 117
105: 92 104 106 118
106: 93 105 107 119
107: 94 106 108 120
108: 95 107 109 121
109: 96 108 110 122
110: 97 109 111 123
111: 98 110 112 124
112: 99 111 113 125
113: 100 112 114 126
114: 101 113 115 127
115: 102 114 116 128
116: 103 115 129
117: 104 118 130
118: 105 117 119 131
119: 106 118 120 132
120: 107 119 121 133
121: 108 120 122 134
122: 109 121 123 135
123: 110 122 124 136
124: 111 123 125 137
125: 112 124 126 138
126: 113 125 127 139
127: 114 126 128 140
128: 115 127 129 141
129: 116 128 142
130: 117 131 143
131: 118 130 132 144
132: 119 131 133 145
133: 120 132 134 146
134: 121 133 135 147
135: 122 134 136 148
136: 123 135 137 149
137: 124 136 138 150
138: 125 137 139 151
139: 126 138 140 152
140: 127 139 141 153
141: 128 140 142 154
142: 129 141 155
143: 130 144 156
144: 131 143 145 157
145: 132 144 146 158
146: 133 145 147 159
147: 134 146 148 160
148: 135 147 149 161
149: 136 148 150 162
150: 137 149 151 163
151: 138 150 152 164
152: 139 151 153 165
153: 140 152 154 166
154: 141 153 155 167
155: 142 154 168
156: 143 157
157: 144 156 158
158: 145 157 159
159: 146 158 160
160: 147 159 161
161: 148 160 162
162: 149 161 163
163: 150 162 164
164: 151 163 165
165: 152 164 166
166: 153 165 167
167: 154 166 168
168: 155 167