169 3

96 50 25 78 77 65 71 69 12 12 73 43 12 61 17 61 31 61 19 3 56 12 56 36 38 9 8 64 48 25 23 74 9 66 64 69 64 40 85 78 56 54 96 25 83 14 34 37 73 67 76 84 52 78 63 100 89 24 83 76 10 45 90 24 15 49 61 23 63 79 57 64 74 38 2 17 51 88 37 47 26 74 57 84 91 92 79 44 33 94 14 61 29 41 6 2 86 71 21 38 95 19 33 53 58 59 75 91 22 61 27 32 72 55 77 90 84 10 14 17 78 58 75 51 21 82 73 5 6 90 24 57 32 66 27 77 75 44 84 10 92 70 38 8 30 93 24 68 49 5 21 68 59 91 21 43 78 43 55 37 93 83 98 70 40 82 63 6 34
0: 1 13
1: 0 2
2: 1 15
3: 16
4: 5
5: 4 6 18
6: 5 19
7: 8 20
8: 7 9 21
9: 8 10 22
10: 9 11
11: 10 12
12: 11
13: 0 26
14: 15
15: 2 14 16 28
16: 3 15 17
17: 16 18
18: 5 17
19: 6 32
20: 7 33
21: 8 34
22: 9
23: 36
24: 25 37
25: 24
26: 13
27: 28
28: 15 27 29 41
29: 28
30: 31 43
31: 30 44
32: 19 45
33: 20
34: 21 47
35: 36 48
36: 23 35 37
37: 24 36 38
38: 37 51
39: 40
40: 39 41
41: 28 40
42: 43 55
43: 30 42 56
44: 31 57
45: 32 46
46: 45 47
47: 34 46 60
48: 35
49: 50
50: 49 51 63
51: 38 50 64
52: 53 65
53: 52
54: 55 67
55: 42 54
56: 43 69
57: 44
58: 59 71
59: 58
60: 47 61
61: 60 62 74
62: 61 63
63: 50 62
64: 51
65: 52 78
66: 67
67: 54 66 68 80
68: 67 81
69: 56
70: 71
71: 58 70 84
72: 73
73: 72 74 86
74: 61 73 75 87
75: 74
76: 77 89
77: 76 90
78: 65 79 91
79: 78 92
80: 67 93
81: 68 94
82: 83 95
83: 82 84 96
84: 71 83 97
85: 98
86: 73
87: 74 88
88: 87 101
89: 76 102
90: 77
91: 78 104
92: 79 93
93: 80 92
94: 81
95: 82 108
96: 83 109
97: 84 110
98: 85 99
99: 98 112
100: 101
101: 88 100 102
102: 89 101
103: 116
104: 91 105
105: 104 118
106: 119
107: 108
108: 95 107
109: 96 122
110: 97
111: 124
112: 99 113 125
113: 112 114
114: 113 115
115: 114 116 128
116: 103 115
117: 130
118: 105 119 131
119: 106 118 120 132
120: 119 121
121: 120 122
122: 109 121
123: 124 136
124: 111 123
125: 112
126: 127 139
127: 126
128: 115 141
129: 142
130: 117 131 143
131: 118 130
132: 119 133
133: 132
134: 135 147
135: 134 148
136: 123 137
137: 136 150
138: 139
139: 126 138 140 152
140: 139 141 153
141: 128 140 142 154
142: 129 141 155
143: 130 144
144: 143 145
145: 144 146 158
146: 145
147: 134 160
148: 135 149 161
149: 148 150 162
150: 137 149 151
151: 150 152
152: 139 151 165
153: 140 166
154: 141
155: 142 168
156: 157
157: 156 158
158: 145 157
159: 160
160: 147 159
161: 148
162: 149
163: 164
164: 163 165
165: 152 164
166: 153 167
167: 166
168: 155