169 3

24 21 16 32 52 30 71 3 75 98 12 61 78 52 30 51 23 78 54 22 93 8 95 41 69 67 80 75 58 32 16 68 19 33 37 96 40 17 97 46 43 70 78 98 35 22 8 48 33 88 39 71 25 88 38 52 31 27 59 16 62 2 18 45 81 48 16 28 26 26 6 11 24 48 43 89 56 1 5 44 22 55 33 24 73 21 45 83 23 98 10 81 61 4 28 55 93 54 56 11 1 40 15 82 63 46 16 56 38 71 85 94 64 48 31 37 98 25 54 79 42 12 100 76 92 70 15 18 64 52 18 81 84 62 8 35 20 13 82 21 94 8 66 92 38 1 82 84 66 53 50 85 58 83 27 99 2 59 15 56 92 37 29 60 81 17 83 94 69
0: 13
1: 2 14
2: 1 3
3: 2 4 16
4: 3 5
5: 4 6 18
6: 5
7: 8 20
8: 7 9 21
9: 8 22
10: 11 23
11: 10 12
12: 11 25
13: 0 14 26
14: 1 13
15: 28
16: 3
17: 18
18: 5 17 19
19: 18
20: 7 33
21: 8 34
22: 9
23: 10 24
24: 23
25: 12 38
26: 13 27
27: 26 40
28: 15 41
29: 42
30: 31 43
31: 30 32
32: 31
33: 20
34: 21 35 47
35: 34 36
36: 35 37
37: 36 38
38: 25 37 51
39: 40
40: 27 39 41 53
41: 28 40
42: 29 43
43: 30 42 44 56
44: 43
45: 46
46: 45 59
47: 34 48 60
48: 47
49: 50 62
50: 49 51
51: 38 50
52: 53
53: 40 52 54
54: 53 55 67
55: 54 56
56: 43 55
57: 70
58: 59
59: 46 58 72
60: 47 61 73
61: 60
62: 49 63
63: 62
64: 77
65: 66 78
66: 65 79
67: 54 80
68: 69
69: 68 70
70: 57 69 83
71: 72
72: 59 71 85
73: 60 74 86
74: 73 75
75: 74 76 88
76: 75 77 89
77: 64 76
78: 65
79: 66 80 92
80: 67 79 81
81: 80 94
82: 83
83: 70 82 84
84: 83 97
85: 72 98
86: 73
87: 88 100
88: 75 87
89: 76 90
90: 89
91: 92 104
92: 79 91 93
93: 92 106
94: 81
95: 108
96: 97
97: 84 96 98 110
98: 85 97
99: 112
100: 87 101 113
101: 100 102 114
102: 101 115
103: 116
104: 91 105 117
105: 104
106: 93 107 119
107: 106 108
108: 95 107
109: 110 122
110: 97 109 111
111: 110 112 124
112: 99 111
113: 100
114: 101 127
115: 102 116
116: 103 115
117: 104 130
118: 131
119: 106 132
120: 133
121: 134
122: 109
123: 124
124: 111 123 125 137
125: 124 126 138
126: 125
127: 114 140
128: 129
129: 128 142
130: 117
131: 118 132
132: 119 131 133
133: 120 132 146
134: 121 135 147
135: 134 136
136: 135
137: 124 150
138: 125 139
139: 138
140: 127 141
141: 140 142
142: 129 141 155
143: 144 156
144: 143
145: 146 158
146: 133 145
147: 134 148 160
148: 147 161
149: 150 162
150: 137 149 163
151: 164
152: 165
153: 166
154: 155 167
155: 142 154
156: 143 157
157: 156 158
158: 145 157
159: 160
160: 147 159
161: 148 162
162: 149 161
163: 150 164
164: 151 163 165
165: 152 164 166
166: 153 165
167: 154 168
168: 167