169 5

217 130 465 308 313 342 280 312 85 13 146 23 79 252 263 486 294 313 346 457 165 110 172 414 82 242 408 77 51 325 213 33 309 305 96 119 470 9 264 170 215 289 237 274 449 49 100 84 355 73 346 210 263 104 424 86 154 235 134 460 15 474 288 335 61 129 338 83 440 295 256 153 279 228 70 405 336 406 431 444 475 100 366 199 96 174 390 145 218 211 142 101 142 172 173 120 413 139 493 270 303 465 273 382 365 150 100 500 79 159 185 70 36 392 488 320 215 106 187 398 129 385 130 347 403 231 204 293 233 156 306 322 300 70 287 395 239 469 48 370 108 255 494 288 357 217 111 186 457 226 372 98 235 485 34 221 195 307 431 22 33 113 162 371 11 92 281 289 212
0: 1 13
1: 0 2 14
2: 1 3
3: 2 4
4: 3 5
5: 4 18
6: 19
7: 8 20
8: 7 9
9: 8 10
10: 9 11 23
11: 10 12
12: 11
13: 0 26
14: 1 15 27
15: 14
16: 29
17: 18
18: 5 17 19
19: 6 18 20 32
20: 7 19
21: 22
22: 21 23
23: 10 22 24
24: 23 25 37
25: 24
26: 13 39
27: 14
28: 29
29: 16 28 42
30: 31
31: 30 32 44
32: 19 31 33
33: 32 46
34: 35
35: 34 36 48
36: 35 49
37: 24
38: 51
39: 26
40: 41
41: 40 42 54
42: 29 41 43
43: 42
44: 31
45: 58
46: 33 59
47: 48
48: 35 47
49: 36 62
50: 63
51: 38 64
52: 53
53: 52 54
54: 41 53 67
55: 56
56: 55 57
57: 56 70
58: 45 59
59: 46 58 60 72
60: 59 73
61: 62
62: 49 61 75
63: 50 64
64: 51 63 77
65: 66
66: 65 79
67: 54 80
68: 81
69: 82
70: 57 83
71: 84
72: 59
73: 60 74 86
74: 73 75
75: 62 74 76
76: 75
77: 64 90
78: 91
79: 66 80 92
80: 67 79 81
81: 68 80 82 94
82: 69 81
83: 70 84 96
84: 71 83 97
85: 98
86: 73
87: 100
88: 101
89: 90
90: 77 89 103
91: 78 104
92: 79 105
93: 94
94: 81 93
95: 96
96: 83 95
97: 84
98: 85 99
99: 98 112
100: 87 113
101: 88 102 114
102: 101 103 115
103: 90 102
104: 91 105 117
105: 92 104
106: 119
107: 108
108: 107 121
109: 122
110: 111 123
111: 110 112
112: 99 111 113 125
113: 100 112
114: 101 127
115: 102 116
116: 115
117: 104 130
118: 131
119: 106 120 132
120: 119 121
121: 108 120 134
122: 109 123
123: 110 122
124: 125 137
125: 112 124 126
126: 125 139
127: 114 128
128: 127 141
129: 142
130: 117
131: 118 144
132: 119 145
133: 134 146
134: 121 133 135 147
135: 134 148
136: 137
137: 124 136 138 150
138: 137
139: 126
140: 153
141: 128 142 154
142: 129 141 155
143: 144 156
144: 131 143 157
145: 132 158
146: 133 159
147: 134 160
148: 135 161
149: 162
150: 137 163
151: 152 164
152: 151 165
153: 140 154 166
154: 141 153
155: 142 168
156: 143
157: 144 158
158: 145 157
159: 146
160: 147
161: 148 162
162: 149 161 163
163: 150 162 164
164: 151 163
165: 152
166: 153
167: 168
168: 155 167