169 5

26 60 99 3 32 29 7 35 62 79 25 65 88 59 30 75 6 15 22 74 69 75 66 78 30 87 5 89 48 18 13 15 79 66 23 72 21 45 25 7 62 96 31 80 79 89 60 10 36 14 15 29 36 90 18 34 73 67 35 25 74 99 58 43 76 56 84 89 60 73 92 56 61 24 48 95 60 36 76 8 78 68 3 90 1 62 63 57 55 60 74 17 47 80 27 6 85 59 74 98 35 87 77 58 47 90 43 99 14 57 97 17 41 7 87 52 34 12 22 16 89 46 36 47 9 90 68 41 55 85 72 34 16 12 89 93 15 50 18 86 94 27 51 4 29 92 58 27 76 23 22 83 79 1 33 68 30 35 87 45 13 19 18 76 72 8 57 82 13
0: 1 13
1: 0
2: 15
3: 4 16
4: 3 17
5: 18
6: 19
7: 8
8: 7 21
9: 22
10: 11
11: 10 12
12: 11 25
13: 0 26
14: 15
15: 2 14 16 28
16: 3 15 29
17: 4 18
18: 5 17
19: 6 20
20: 19 21
21: 8 20 22 34
22: 9 21
23: 36
24: 25 37
25: 12 24
26: 13 27
27: 26 28
28: 15 27
29: 16 30 42
30: 29 31
31: 30 44
32: 45
33: 34 46
34: 21 33 35
35: 34 36
36: 23 35 37
37: 24 36 50
38: 51
39: 40
40: 39 41 53
41: 40
42: 29 55
43: 56
44: 31 45
45: 32 44 46
46: 33 45
47: 48
48: 47 61
49: 62
50: 37
51: 38
52: 65
53: 40 66
54: 55 67
55: 42 54 56
56: 43 55 69
57: 58
58: 57 59
59: 58 72
60: 61
61: 48 60 62
62: 49 61 75
63: 64
64: 63 77
65: 52 78
66: 53 67
67: 54 66 68
68: 67 81
69: 56
70: 71
71: 70 72 84
72: 59 71 73
73: 72 74 86
74: 73 75 87
75: 62 74
76: 89
77: 64 90
78: 65 91
79: 80 92
80: 79
81: 68 94
82: 83 95
83: 82 84
84: 71 83 85 97
85: 84
86: 73
87: 74
88: 89
89: 76 88 90 102
90: 77 89
91: 78 92
92: 79 91 93
93: 92 94
94: 81 93 95
95: 82 94
96: 97
97: 84 96 98
98: 97
99: 100 112
100: 99
101: 102 114
102: 89 101 103 115
103: 102 116
104: 117
105: 118
106: 119
107: 120
108: 109
109: 108 110
110: 109 111 123
111: 110 112
112: 99 111
113: 126
114: 101 127
115: 102
116: 103 129
117: 104 130
118: 105 119 131
119: 106 118 120
120: 107 119 121 133
121: 120
122: 135
123: 110 124
124: 123 137
125: 138
126: 113 127 139
127: 114 126 140
128: 129
129: 116 128 142
130: 117 143
131: 118
132: 133
133: 120 132 134 146
134: 133 135
135: 122 134 136
136: 135 137
137: 124 136 150
138: 125 151
139: 126 152
140: 127 153
141: 154
142: 129 155
143: 130 144
144: 143 145
145: 144 158
146: 133
147: 160
148: 149 161
149: 148 150 162
150: 137 149 151
151: 138 150
152: 139 165
153: 140 154
154: 141 153
155: 142
156: 157
157: 156 158
158: 145 157
159: 160
160: 147 159 161
161: 148 160
162: 149 163
163: 162 164
164: 163
165: 152 166
166: 165 167
167: 166 168
168: 167