169 2

362 360 119 20 274 470 19 49 82 265 307 40 403 287 478 365 213 80 389 243 236 274 241 109 110 188 77 368 271 242 286 444 126 222 285 80 126 334 258 91 139 29 479 305 352 269 139 329 499 30 310 320 35 321 483 337 23 452 124 194 419 27 7 350 375 447 182 82 201 190 122 372 176 363 422 330 27 262 450 327 377 186 150 149 238 355 222 165 67 155 488 153 177 207 430 94 301 138 105 52 255 495 9 411 447 52 317 444 296 197 243 269 394 418 302 275 336 145 164 257 80 206 411 56 102 122 225 179 77 388 211 202 305 430 11 104 210 27 88 402 16 460 396 219 226 483 226 448 397 28 276 345 267 250 47 482 203 180 115 428 106 396 189 478 128 8 29 33 13
0: 1
1: 0 2 14
2: 1 3
3: 2 4
4: 3 5 17
5: 4
6: 19
7: 8 20
8: 7
9: 10 22
10: 9 11
11: 10 12
12: 11
13: 26
14: 1 27
15: 28
16: 29
17: 4 30
18: 31
19: 6 20
20: 7 19 33
21: 22
22: 9 21 23 35
23: 22 36
24: 25
25: 24 38
26: 13 27
27: 14 26
28: 15 29
29: 16 28 30
30: 17 29 43
31: 18 32
32: 31 45
33: 20 46
34: 35 47
35: 22 34 48
36: 23 49
37: 38
38: 25 37 51
39: 52
40: 41 53
41: 40 42
42: 41 55
43: 30 44 56
44: 43 45
45: 32 44 46
46: 33 45 47
47: 34 46
48: 35 61
49: 36
50: 51
51: 38 50 64
52: 39 53 65
53: 40 52 66
54: 55
55: 42 54 56
56: 43 55 57
57: 56 58 70
58: 57 59
59: 58 72
60: 61 73
61: 48 60
62: 75
63: 64
64: 51 63 77
65: 52 78
66: 53 79
67: 68 80
68: 67 69
69: 68 70
70: 57 69 71
71: 70
72: 59
73: 60 86
74: 75 87
75: 62 74 88
76: 77 89
77: 64 76
78: 65
79: 66 92
80: 67 81
81: 80 82 94
82: 81
83: 84
84: 83 85
85: 84 98
86: 73 87
87: 74 86
88: 75
89: 76 90
90: 89 103
91: 92 104
92: 79 91 93
93: 92
94: 81 95 107
95: 94
96: 97 109
97: 96
98: 85 111
99: 112
100: 101 113
101: 100 102
102: 101 103 115
103: 90 102
104: 91
105: 118
106: 119
107: 94 120
108: 121
109: 96 110 122
110: 109 111 123
111: 98 110 112
112: 99 111 125
113: 100 126
114: 115 127
115: 102 114 116
116: 115 129
117: 118 130
118: 105 117 119 131
119: 106 118 132
120: 107
121: 108 122 134
122: 109 121
123: 110 124
124: 123
125: 112 126
126: 113 125
127: 114 140
128: 141
129: 116 142
130: 117 143
131: 118 144
132: 119
133: 146
134: 121 135 147
135: 134 136
136: 135 149
137: 150
138: 139
139: 138 152
140: 127
141: 128 142
142: 129 141 155
143: 130 156
144: 131
145: 158
146: 133 147 159
147: 134 146 148
148: 147 161
149: 136 150 162
150: 137 149 151
151: 150 152
152: 139 151 153 165
153: 152
154: 167
155: 142
156: 143 157
157: 156 158
158: 145 157 159
159: 146 158
160: 161
161: 148 160
162: 149
163: 164
164: 163 165
165: 152 164 166
166: 165 167
167: 154 166 168
168: 167