169 5

62 58 33 100 9 31 24 14 33 7 98 100 77 3 71 55 5 41 32 6 94 89 50 27 57 21 52 89 41 24 39 28 67 39 59 67 84 15 51 96 73 69 91 83 65 39 70 89 92 46 64 3 51 92 76 17 20 76 31 51 27 6 1 72 70 7 59 64 36 86 87 52 59 11 33 55 52 77 43 70 33 86 76 34 99 39 62 2 53 9 36 86 11 33 33 29 4 56 93 9 25 8 2 60 32 29 64 17 47 7 91 59 38 44 31 41 53 82 73 54 61 84 67 13 53 96 82 41 8 59 43 23 60 72 76 32 29 14 40 78 84 92 13 64 23 31 67 9 58 65 93 72 88 28 60 75 51 69 53 88 20 11 80 84 11 95 72 78 36
0: 1 13
1: 0 2
2: 1 15
3: 4 16
4: 3 5
5: 4 18
6: 7 19
7: 6 8 20
8: 7 21
9: 10 22
10: 9 11
11: 10 12
12: 11 25
13: 0 14 26
14: 13
15: 2 28
16: 3 17
17: 16 30
18: 5 31
19: 6 32
20: 7 33
21: 8 34
22: 9
23: 24
24: 23 25
25: 12 24 38
26: 13 39
27: 28
28: 15 27 29
29: 28 42
30: 17 43
31: 18 32
32: 19 31
33: 20
34: 21 35
35: 34
36: 37
37: 36 50
38: 25
39: 26
40: 53
41: 54
42: 29 43
43: 30 42 44
44: 43 45
45: 44 46 58
46: 45 47
47: 46 60
48: 49 61
49: 48 50
50: 37 49
51: 64
52: 53 65
53: 40 52 54
54: 41 53 55
55: 54
56: 57 69
57: 56 70
58: 45
59: 60
60: 47 59 61 73
61: 48 60 62 74
62: 61
63: 64
64: 51 63 77
65: 52 66 78
66: 65
67: 68 80
68: 67
69: 56
70: 57 71 83
71: 70 84
72: 85
73: 60
74: 61 87
75: 88
76: 77 89
77: 64 76
78: 65 79
79: 78 92
80: 67 81
81: 80 82 94
82: 81
83: 70 96
84: 71 85
85: 72 84 86 98
86: 85
87: 74 88
88: 75 87
89: 76 90 102
90: 89 103
91: 92 104
92: 79 91
93: 106
94: 81 95
95: 94 96 108
96: 83 95 97
97: 96
98: 85
99: 100 112
100: 99 101
101: 100 102 114
102: 89 101 115
103: 90 116
104: 91 117
105: 106
106: 93 105 107
107: 106 120
108: 95
109: 110 122
110: 109 111
111: 110
112: 99 125
113: 114
114: 101 113
115: 102 128
116: 103 129
117: 104 118 130
118: 117 119
119: 118 120
120: 107 119 121 133
121: 120
122: 109 123 135
123: 122 136
124: 137
125: 112 126 138
126: 125 127 139
127: 126 140
128: 115
129: 116 142
130: 117
131: 132
132: 131 133 145
133: 120 132 134
134: 133 135
135: 122 134
136: 123 137
137: 124 136
138: 125
139: 126
140: 127
141: 142
142: 129 141 155
143: 156
144: 145 157
145: 132 144 146
146: 145 147
147: 146 148 160
148: 147 149
149: 148
150: 151
151: 150 164
152: 165
153: 154 166
154: 153 167
155: 142 168
156: 143 157
157: 144 156
158: 159
159: 158 160
160: 147 159 161
161: 160
162: 163
163: 162 164
164: 151 163 165
165: 152 164 166
166: 153 165
167: 154 168
168: 155 167