169 3

95 5 1 6 57 44 21 76 61 73 50 92 72 30 66 83 65 1 54 49 86 16 60 32 25 26 38 28 74 50 15 74 96 68 19 28 42 49 26 99 80 85 18 62 79 30 51 72 71 39 69 81 72 12 52 11 79 80 7 88 91 75 96 95 33 91 28 61 1 32 32 89 54 10 90 50 63 67 78 87 97 92 12 52 87 45 12 66 86 84 55 72 29 29 32 98 4 28 83 99 4 36 55 82 80 54 8 28 13 97 21 34 63 93 46 47 56 65 26 30 38 10 19 36 79 49 48 52 45 56 36 25 39 26 52 64 42 68 43 52 81 45 62 24 96 17 26 52 89 9 78 3 21 87 37 58 37 80 13 14 85 96 35 68 19 77 32 100 18
0: 13
1: 2 14
2: 1
3: 4
4: 3 17
5: 6
6: 5 19
7: 20
8: 9 21
9: 8 10 22
10: 9 23
11: 24
12: 25
13: 0 14 26
14: 1 13 27
15: 16
16: 15 29
17: 4 18
18: 17 31
19: 6 32
20: 7 33
21: 8 34
22: 9 35
23: 10 36
24: 11 25 37
25: 12 24 38
26: 13 39
27: 14 40
28: 29 41
29: 16 28 30
30: 29
31: 18 32 44
32: 19 31
33: 20 34 46
34: 21 33 47
35: 22
36: 23 37 49
37: 24 36 50
38: 25 51
39: 26 52
40: 27 41 53
41: 28 40 54
42: 43
43: 42 44
44: 31 43 45
45: 44 46
46: 33 45
47: 34 48
48: 47 61
49: 36 62
50: 37
51: 38
52: 39
53: 40 66
54: 41 55 67
55: 54 56
56: 55
57: 58 70
58: 57
59: 60
60: 59 73
61: 48 74
62: 49 63 75
63: 62 64 76
64: 63
65: 78
66: 53 79
67: 54 68
68: 67
69: 70
70: 57 69 83
71: 72 84
72: 71 85
73: 60 86
74: 61
75: 62
76: 63
77: 90
78: 65 79 91
79: 66 78 80
80: 79 81 93
81: 80 94
82: 83 95
83: 70 82
84: 71
85: 72 86 98
86: 73 85 87
87: 86 88 100
88: 87 101
89: 90
90: 77 89 103
91: 78 92 104
92: 91
93: 80
94: 81 95
95: 82 94 96
96: 95 109
97: 98
98: 85 97 99
99: 98
100: 87 113
101: 88
102: 115
103: 90 116
104: 91 117
105: 106
106: 105 107
107: 106 108 120
108: 107 109
109: 96 108
110: 111 123
111: 110 112
112: 111 113 125
113: 100 112 114
114: 113 115
115: 102 114 116
116: 103 115
117: 104 130
118: 119 131
119: 118 120
120: 107 119
121: 134
122: 123
123: 110 122
124: 125 137
125: 112 124 126
126: 125 139
127: 128
128: 127 129 141
129: 128 142
130: 117 143
131: 118 132
132: 131 133 145
133: 132 134
134: 121 133 147
135: 136 148
136: 135
137: 124 138 150
138: 137
139: 126
140: 141
141: 128 140 154
142: 129 155
143: 130 156
144: 145
145: 132 144 146 158
146: 145
147: 134 160
148: 135 149
149: 148 162
150: 137 163
151: 152 164
152: 151 165
153: 154 166
154: 141 153
155: 142 168
156: 143
157: 158
158: 145 157
159: 160
160: 147 159
161: 162
162: 149 161 163
163: 150 162 164
164: 151 163
165: 152 166
166: 153 165 167
167: 166
168: 155