169 5

9 471 342 485 154 197 451 366 306 449 482 425 225 164 84 94 483 221 317 369 234 448 458 431 422 66 421 431 389 496 468 399 426 167 169 137 208 75 379 394 397 99 208 250 367 330 196 299 449 246 462 452 121 277 108 95 312 282 274 2 308 265 158 151 234 256 13 395 355 460 494 183 204 400 42 417 226 286 150 444 475 242 296 479 128 418 8 212 197 93 437 250 290 263 410 198 145 233 149 247 151 260 31 135 58 54 388 383 408 142 144 78 386 302 246 86 20 235 53 200 404 3 323 216 486 37 269 323 69 150 332 316 121 95 299 353 340 209 315 209 151 330 417 424 213 338 148 304 234 393 39 140 24 7 155 463 402 481 235 233 276 171 214 41 211 42 269 106 70
0: 1
1: 0 2
2: 1 3 15
3: 2 4
4: 3 5
5: 4 6
6: 5 19
7: 8
8: 7 9 21
9: 8 10
10: 9 11 23
11: 10 12
12: 11
13: 26
14: 15 27
15: 2 14
16: 17 29
17: 16 18
18: 17 31
19: 6
20: 21
21: 8 20 22 34
22: 21 35
23: 10
24: 25
25: 24 38
26: 13 27
27: 14 26 40
28: 29 41
29: 16 28
30: 31 43
31: 18 30 44
32: 33
33: 32 34
34: 21 33
35: 22 36
36: 35 37 49
37: 36 38 50
38: 25 37
39: 40 52
40: 27 39 53
41: 28 42
42: 41
43: 30 56
44: 31 45
45: 44 58
46: 47
47: 46 48
48: 47 49
49: 36 48
50: 37
51: 64
52: 39
53: 40
54: 55 67
55: 54 68
56: 43 57 69
57: 56 70
58: 45 59
59: 58
60: 61 73
61: 60 62 74
62: 61 63 75
63: 62 64 76
64: 51 63
65: 66
66: 65 67
67: 54 66 80
68: 55 69
69: 56 68
70: 57 83
71: 72 84
72: 71 73
73: 60 72 86
74: 61 87
75: 62 88
76: 63 89
77: 90
78: 91
79: 92
80: 67
81: 94
82: 83
83: 70 82 96
84: 71 85
85: 84
86: 73 99
87: 74
88: 75 101
89: 76 90
90: 77 89 103
91: 78 92 104
92: 79 91 105
93: 106
94: 81 95
95: 94 96
96: 83 95 97
97: 96
98: 111
99: 86 100 112
100: 99
101: 88 102 114
102: 101
103: 90
104: 91 117
105: 92 106
106: 93 105 107
107: 106 108 120
108: 107 109 121
109: 108
110: 111
111: 98 110 112
112: 99 111 113 125
113: 112 126
114: 101 115 127
115: 114 116
116: 115 129
117: 104
118: 119 131
119: 118 120
120: 107 119 133
121: 108 122 134
122: 121 123 135
123: 122
124: 125
125: 112 124
126: 113
127: 114
128: 129 141
129: 116 128
130: 131 143
131: 118 130
132: 145
133: 120
134: 121 147
135: 122 148
136: 137
137: 136 150
138: 139
139: 138 140
140: 139 141 153
141: 128 140
142: 155
143: 130 144 156
144: 143 145
145: 132 144
146: 159
147: 134 160
148: 135 149
149: 148
150: 137 163
151: 152
152: 151 153
153: 140 152 154 166
154: 153 167
155: 142 168
156: 143 157
157: 156
158: 159
159: 146 158 160
160: 147 159 161
161: 160 162
162: 161 163
163: 150 162 164
164: 163
165: 166
166: 153 165
167: 154 168
168: 155 167