169 3

325 138 190 288 338 277 243 12 387 370 309 144 199 373 137 85 35 472 375 102 115 15 394 247 213 321 94 192 442 34 11 314 194 119 118 27 152 478 215 319 328 482 349 459 476 378 367 265 211 252 383 384 129 326 430 382 475 47 60 475 283 61 350 249 67 258 41 222 338 150 38 315 172 223 340 381 376 318 82 469 227 320 120 293 105 200 20 167 253 183 50 271 441 58 68 349 358 366 6 397 105 352 56 38 95 494 6 11 51 234 382 113 22 283 462 178 149 50 391 177 407 269 497 203 297 110 113 42 356 212 62 170 112 123 258 61 373 58 297 196 277 328 8 88 343 6 104 223 492 456 262 493 9 32 35 107 151 352 408 129 292 165 335 192 375 399 261 104 380
0: 1
1: 0 2 14
2: 1
3: 4
4: 3 5 17
5: 4 6
6: 5
7: 20
8: 21
9: 22
10: 23
11: 12 24
12: 11 25
13: 14
14: 1 13 27
15: 16
16: 15 17 29
17: 4 16 18 30
18: 17 19
19: 18 32
20: 7 33
21: 8 22
22: 9 21 23
23: 10 22 24
24: 11 23
25: 12 38
26: 27 39
27: 14 26 28
28: 27 29
29: 16 28 42
30: 17
31: 32 44
32: 19 31 45
33: 20 34 46
34: 33
35: 36 48
36: 35
37: 38
38: 25 37 51
39: 26 40 52
40: 39 53
41: 54
42: 29 43
43: 42 56
44: 31
45: 32
46: 33 47
47: 46 48 60
48: 35 47 49 61
49: 48 50
50: 49
51: 38 64
52: 39
53: 40 54
54: 41 53 67
55: 56 68
56: 43 55
57: 70
58: 59 71
59: 58 72
60: 47 73
61: 48 62
62: 61 63 75
63: 62
64: 51 77
65: 66 78
66: 65 67
67: 54 66 80
68: 55
69: 82
70: 57 71 83
71: 58 70
72: 59 85
73: 60 74
74: 73 87
75: 62
76: 77
77: 64 76 90
78: 65
79: 80
80: 67 79 81 93
81: 80 82
82: 69 81
83: 70 96
84: 85 97
85: 72 84 86
86: 85 99
87: 74 100
88: 89 101
89: 88 90 102
90: 77 89
91: 92
92: 91 93
93: 80 92 106
94: 95 107
95: 94 96 108
96: 83 95 109
97: 84 98 110
98: 97 111
99: 86 112
100: 87 113
101: 88 114
102: 89 103
103: 102 116
104: 105
105: 104 106 118
106: 93 105
107: 94 120
108: 95 121
109: 96 122
110: 97 123
111: 98
112: 99 125
113: 100 114 126
114: 101 113 115
115: 114 128
116: 103 129
117: 118 130
118: 105 117 119
119: 118
120: 107
121: 108
122: 109
123: 110 136
124: 137
125: 112 138
126: 113 127 139
127: 126
128: 115 141
129: 116 142
130: 117
131: 132 144
132: 131 133 145
133: 132
134: 135 147
135: 134
136: 123
137: 124 138
138: 125 137 151
139: 126
140: 141
141: 128 140
142: 129
143: 144 156
144: 131 143
145: 132 146 158
146: 145 147
147: 134 146
148: 149 161
149: 148 150
150: 149 151
151: 138 150 152 164
152: 151 153 165
153: 152 154
154: 153
155: 168
156: 143 157
157: 156
158: 145 159
159: 158 160
160: 159 161
161: 148 160
162: 163
163: 162 164
164: 151 163
165: 152 166
166: 165 167
167: 166 168
168: 155 167