169 2

16 6 39 49 88 95 92 12 41 95 79 66 2 38 5 36 78 52 74 84 58 38 57 75 12 43 99 8 100 25 21 38 2 14 26 89 49 31 86 65 77 62 50 41 29 75 20 61 36 29 50 16 30 100 51 37 19 35 46 95 12 94 47 91 27 94 51 31 39 37 49 73 40 67 5 24 10 2 45 24 79 8 38 34 47 8 23 69 56 48 87 35 54 43 93 39 15 88 60 42 64 74 37 56 25 40 86 86 70 37 44 50 85 38 98 21 57 13 48 14 12 39 67 81 33 4 20 32 13 47 46 17 55 53 40 85 67 94 76 87 65 19 31 95 55 13 39 23 63 26 91 96 66 89 63 99 66 92 72 25 22 9 31 41 21 88 73 17 45
0: 1 13
1: 0
2: 3
3: 2 4
4: 3 5 17
5: 4
6: 7 19
7: 6
8: 9 21
9: 8 10
10: 9 11
11: 10 12 24
12: 11
13: 0 14 26
14: 13 27
15: 16 28
16: 15
17: 4 18 30
18: 17 19 31
19: 6 18 20
20: 19 21
21: 8 20 22
22: 21 35
23: 24
24: 11 23 25 37
25: 24
26: 13 39
27: 14
28: 15 29 41
29: 28 42
30: 17
31: 18 32
32: 31 45
33: 46
34: 35 47
35: 22 34
36: 37
37: 24 36 38
38: 37
39: 26 40
40: 39 41
41: 28 40
42: 29 43
43: 42 44
44: 43 57
45: 32 46 58
46: 33 45
47: 34 60
48: 49 61
49: 48 50
50: 49 63
51: 64
52: 53 65
53: 52 54
54: 53 55 67
55: 54
56: 57 69
57: 44 56 70
58: 45
59: 60
60: 47 59 61
61: 48 60 62
62: 61 75
63: 50 64
64: 51 63
65: 52 78
66: 67
67: 54 66
68: 69 81
69: 56 68
70: 57 71
71: 70 72 84
72: 71
73: 86
74: 75
75: 62 74 88
76: 77 89
77: 76
78: 65 91
79: 80 92
80: 79 81 93
81: 68 80 82 94
82: 81 95
83: 84 96
84: 71 83
85: 98
86: 73 87
87: 86 88
88: 75 87 89
89: 76 88 90 102
90: 89 103
91: 78 92 104
92: 79 91
93: 80
94: 81 107
95: 82 108
96: 83 97
97: 96 98 110
98: 85 97 99
99: 98 112
100: 101
101: 100 114
102: 89 115
103: 90 116
104: 91 117
105: 106
106: 105 107 119
107: 94 106 120
108: 95 121
109: 110
110: 97 109
111: 124
112: 99 113
113: 112 114 126
114: 101 113
115: 102
116: 103 129
117: 104 130
118: 119 131
119: 106 118
120: 107
121: 108 134
122: 123 135
123: 122
124: 111 137
125: 138
126: 113
127: 128 140
128: 127 129
129: 116 128 142
130: 117
131: 118 132 144
132: 131
133: 146
134: 121
135: 122 136 148
136: 135
137: 124 150
138: 125 151
139: 140 152
140: 127 139 141
141: 140 154
142: 129
143: 144 156
144: 131 143 145
145: 144 146
146: 133 145 147
147: 146 148 160
148: 135 147
149: 150 162
150: 137 149 151 163
151: 138 150 152 164
152: 139 151 153 165
153: 152
154: 141 167
155: 168
156: 143 157
157: 156
158: 159
159: 158 160
160: 147 159 161
161: 160
162: 149
163: 150
164: 151
165: 152
166: 167
167: 154 166 168
168: 155 167