169 5

214 314 408 207 406 272 207 472 54 26 72 103 330 446 102 4 465 476 245 162 120 476 289 312 123 219 231 43 258 76 143 111 93 436 293 240 289 132 153 103 495 401 184 220 316 313 119 474 276 305 405 290 412 485 294 210 109 183 89 142 141 88 182 252 452 86 216 169 54 289 324 170 100 121 126 223 189 285 354 378 448 93 321 231 107 111 259 287 33 180 323 376 225 213 174 467 185 439 387 298 220 74 68 198 135 363 273 399 354 238 375 337 228 217 124 75 42 214 209 486 181 429 456 500 67 413 27 25 60 38 278 293 67 177 120 234 385 474 158 253 206 466 131 449 468 463 200 153 177 139 380 185 363 11 348 281 141 99 164 129 345 133 112 218 213 402 29 187 271
0: 1
1: 0 2 14
2: 1 15
3: 4 16
4: 3 5
5: 4 6 18
6: 5 7
7: 6
8: 9 21
9: 8 10
10: 9 23
11: 12 24
12: 11
13: 26
14: 1 27
15: 2 16 28
16: 3 15
17: 18
18: 5 17 31
19: 20 32
20: 19
21: 8
22: 23
23: 10 22 24 36
24: 11 23 25
25: 24 38
26: 13 27 39
27: 14 26
28: 15
29: 30
30: 29 31
31: 18 30 44
32: 19 45
33: 46
34: 35 47
35: 34 36
36: 23 35 37 49
37: 36 50
38: 25
39: 26 40
40: 39 41
41: 40 54
42: 43 55
43: 42 44
44: 31 43 45 57
45: 32 44 58
46: 33 47
47: 34 46 48
48: 47 61
49: 36
50: 37 51
51: 50 64
52: 65
53: 54
54: 41 53
55: 42 68
56: 69
57: 44
58: 45 59
59: 58 72
60: 61
61: 48 60
62: 63
63: 62 76
64: 51
65: 52 66
66: 65 67 79
67: 66 80
68: 55
69: 56 70 82
70: 69 71 83
71: 70 84
72: 59 73 85
73: 72 74
74: 73 75 87
75: 74 76
76: 63 75 77
77: 76
78: 79
79: 66 78 92
80: 67
81: 94
82: 69 95
83: 70
84: 71 97
85: 72
86: 99
87: 74
88: 89 101
89: 88 90
90: 89
91: 92
92: 79 91 93 105
93: 92
94: 81 95 107
95: 82 94 96 108
96: 95
97: 84 98
98: 97 111
99: 86 100
100: 99 101 113
101: 88 100 102
102: 101 103
103: 102 116
104: 105
105: 92 104 106
106: 105
107: 94
108: 95 109
109: 108 110
110: 109
111: 98 112
112: 111 113 125
113: 100 112 114
114: 113
115: 128
116: 103 129
117: 118 130
118: 117 119
119: 118 132
120: 121
121: 120 122 134
122: 121 123
123: 122 124 136
124: 123
125: 112 126
126: 125 127 139
127: 126
128: 115 129
129: 116 128 142
130: 117 131
131: 130 144
132: 119 133
133: 132
134: 121 135
135: 134 148
136: 123
137: 138
138: 137 151
139: 126 140 152
140: 139 141
141: 140
142: 129
143: 144 156
144: 131 143 145
145: 144 158
146: 147
147: 146 148
148: 135 147 149 161
149: 148 150
150: 149 151 163
151: 138 150 164
152: 139 153
153: 152 154
154: 153 155
155: 154 168
156: 143 157
157: 156
158: 145 159
159: 158 160
160: 159 161
161: 148 160
162: 163
163: 150 162
164: 151
165: 166
166: 165 167
167: 166 168
168: 155 167