169 3

118 276 345 370 172 256 430 226 111 409 1 438 69 462 312 426 421 105 310 445 336 409 110 449 336 472 306 379 197 159 170 350 71 364 425 118 58 11 195 279 322 374 35 185 333 252 84 254 370 490 357 91 215 24 96 124 415 276 227 254 478 347 119 433 23 314 321 133 14 166 431 220 193 456 411 442 156 43 463 151 469 278 111 487 40 497 115 153 141 335 86 249 207 383 57 57 240 45 253 204 464 6 320 419 388 280 58 136 372 223 92 7 225 433 58 419 387 403 318 498 462 36 131 190 5 53 116 369 88 116 311 98 204 251 491 383 165 132 306 13 148 276 243 20 292 198 112 468 364 11 49 253 433 363 476 162 420 398 263 412 55 252 68 80 406 214 368 331 188
0: 1
1: 0 2 14
2: 1
3: 4 16
4: 3 5 17
5: 4
6: 7
7: 6 8 20
8: 7 21
9: 10 22
10: 9 11 23
11: 10 12 24
12: 11
13: 14
14: 1 13 15 27
15: 14 28
16: 3
17: 4 18 30
18: 17 19
19: 18 20
20: 7 19
21: 8 22 34
22: 9 21 35
23: 10
24: 11 37
25: 38
26: 39
27: 14 40
28: 15 41
29: 30
30: 17 29 31 43
31: 30 32 44
32: 31
33: 34 46
34: 21 33 47
35: 22
36: 49
37: 24 50
38: 25 51
39: 26 40
40: 27 39
41: 28 54
42: 55
43: 30 56
44: 31
45: 46 58
46: 33 45
47: 34
48: 49
49: 36 48 50
50: 37 49 51
51: 38 50
52: 65
53: 54
54: 41 53 55 67
55: 42 54
56: 43 57
57: 56 70
58: 45 59
59: 58 72
60: 61
61: 60 62 74
62: 61 63 75
63: 62 64 76
64: 63
65: 52 66
66: 65 79
67: 54 68 80
68: 67 69
69: 68 82
70: 57
71: 84
72: 59 73 85
73: 72
74: 61 87
75: 62 88
76: 63 77 89
77: 76 90
78: 79 91
79: 66 78 80 92
80: 67 79
81: 94
82: 69 83 95
83: 82 84
84: 71 83
85: 72 98
86: 99
87: 74 100
88: 75
89: 76 102
90: 77
91: 78 104
92: 79
93: 94
94: 81 93 95 107
95: 82 94 96
96: 95 97 109
97: 96
98: 85 99 111
99: 86 98
100: 87
101: 102 114
102: 89 101
103: 116
104: 91
105: 106
106: 105 107 119
107: 94 106 108
108: 107
109: 96 110 122
110: 109 123
111: 98 112 124
112: 111 113 125
113: 112
114: 101 127
115: 116 128
116: 103 115 129
117: 118
118: 117 119
119: 106 118 132
120: 133
121: 122
122: 109 121
123: 110
124: 111
125: 112 126 138
126: 125 139
127: 114 140
128: 115 141
129: 116 142
130: 131 143
131: 130
132: 119 133
133: 120 132
134: 135 147
135: 134 136 148
136: 135
137: 138
138: 125 137
139: 126
140: 127 153
141: 128
142: 129 155
143: 130 144 156
144: 143 145 157
145: 144 146 158
146: 145 147
147: 134 146 160
148: 135
149: 150 162
150: 149 151 163
151: 150 152 164
152: 151 165
153: 140 166
154: 155 167
155: 142 154 168
156: 143
157: 144
158: 145
159: 160
160: 147 159 161
161: 160 162
162: 149 161
163: 150
164: 151
165: 152 166
166: 153 165 167
167: 154 166
168: 155