169 2

408 178 13 236 405 434 2 212 378 167 144 335 238 374 491 203 139 392 99 164 192 238 475 354 442 317 155 35 363 204 439 266 473 117 483 45 36 266 483 204 39 161 294 461 308 179 175 136 471 176 204 116 304 134 48 120 398 353 209 228 292 285 90 316 180 235 290 280 302 483 292 188 243 185 51 20 482 459 167 477 35 368 275 273 172 349 165 484 325 292 486 452 58 87 404 124 356 155 439 229 12 165 247 123 425 441 43 225 434 2 274 301 66 428 243 418 61 50 206 369 439 462 469 227 300 24 21 59 153 272 98 230 470 476 23 169 375 18 123 128 128 117 261 387 495 136 76 183 491 377 500 432 486 321 201 96 102 125 359 229 148 468 148 3 55 469 32 373 242
0: 1
1: 0 14
2: 3 15
3: 2 4
4: 3 5 17
5: 4 6
6: 5 7 19
7: 6
8: 21
9: 10
10: 9 11 23
11: 10 12
12: 11
13: 14
14: 1 13 15
15: 2 14 16 28
16: 15 29
17: 4 30
18: 19
19: 6 18
20: 33
21: 8 22 34
22: 21 23 35
23: 10 22 36
24: 25 37
25: 24
26: 27
27: 26 28
28: 15 27
29: 16 42
30: 17
31: 44
32: 33 45
33: 20 32
34: 21 47
35: 22
36: 23 37 49
37: 24 36 50
38: 51
39: 40
40: 39 41
41: 40 42
42: 29 41 43 55
43: 42 44
44: 31 43 45
45: 32 44 58
46: 59
47: 34 60
48: 61
49: 36
50: 37 63
51: 38 64
52: 53
53: 52 54 66
54: 53 67
55: 42
56: 57
57: 56 58 70
58: 45 57 71
59: 46 60
60: 47 59 61 73
61: 48 60 62
62: 61
63: 50 64
64: 51 63 77
65: 66 78
66: 53 65
67: 54 68 80
68: 67 81
69: 82
70: 57 83
71: 58 72
72: 71
73: 60 86
74: 75
75: 74 76
76: 75 77
77: 64 76
78: 65
79: 80
80: 67 79 93
81: 68 82 94
82: 69 81 83
83: 70 82 96
84: 85 97
85: 84 98
86: 73 87 99
87: 86 88 100
88: 87
89: 90
90: 89 103
91: 104
92: 105
93: 80 106
94: 81 95 107
95: 94
96: 83
97: 84 110
98: 85 99 111
99: 86 98
100: 87 101
101: 100 114
102: 115
103: 90 116
104: 91 105
105: 92 104 118
106: 93
107: 94 108 120
108: 107 121
109: 110 122
110: 97 109
111: 98 124
112: 125
113: 114 126
114: 101 113
115: 102 116 128
116: 103 115 129
117: 130
118: 105 131
119: 120 132
120: 107 119
121: 108
122: 109 123
123: 122 136
124: 111
125: 112 126 138
126: 113 125 139
127: 128 140
128: 115 127
129: 116
130: 117 131 143
131: 118 130 132
132: 119 131
133: 134
134: 133 135
135: 134 136
136: 123 135 149
137: 138 150
138: 125 137 151
139: 126 140 152
140: 127 139
141: 142 154
142: 141
143: 130 144 156
144: 143 145 157
145: 144
146: 147
147: 146 148 160
148: 147
149: 136
150: 137 163
151: 138 164
152: 139 153 165
153: 152 154 166
154: 141 153 155
155: 154 168
156: 143
157: 144 158
158: 157 159
159: 158 160
160: 147 159
161: 162
162: 161 163
163: 150 162
164: 151
165: 152
166: 153 167
167: 166
168: 155