169 2

150 148 269 450 291 387 28 149 233 462 439 363 455 102 189 396 6 321 469 458 222 445 172 244 471 206 441 356 334 416 212 458 121 101 460 462 312 352 421 80 78 48 175 192 291 239 201 329 436 119 42 475 385 85 293 113 104 184 430 269 54 14 451 457 420 272 398 9 70 360 247 105 74 32 494 465 70 266 9 145 144 433 335 336 413 353 115 193 176 70 305 38 347 258 104 278 431 140 398 300 242 482 95 168 202 138 19 428 399 390 242 229 85 73 111 25 494 229 382 300 102 260 103 155 366 58 222 328 459 99 282 190 119 430 169 450 316 28 469 3 159 215 447 96 262 459 405 388 281 53 170 301 350 191 192 30 424 462 383 124 10 352 238 420 84 426 287 279 345
0: 1 13
1: 0
2: 3 15
3: 2
4: 5 17
5: 4 18
6: 7 19
7: 6 8
8: 7 9
9: 8 10 22
10: 9 11 23
11: 10 12
12: 11
13: 0 26
14: 15 27
15: 2 14 28
16: 29
17: 4 30
18: 5 19
19: 6 18
20: 21
21: 20 22 34
22: 9 21
23: 10
24: 37
25: 38
26: 13 39
27: 14 40
28: 15
29: 16 30 42
30: 17 29
31: 32
32: 31 33 45
33: 32 34 46
34: 21 33
35: 36 48
36: 35
37: 24 38
38: 25 37 51
39: 26 40 52
40: 27 39 41 53
41: 40 54
42: 29 43
43: 42 56
44: 45 57
45: 32 44
46: 33 47
47: 46 48 60
48: 35 47 49
49: 48 50
50: 49 51
51: 38 50 64
52: 39
53: 40
54: 41 55
55: 54 68
56: 43 69
57: 44 58
58: 57
59: 72
60: 47 73
61: 62 74
62: 61 63
63: 62
64: 51
65: 66
66: 65 79
67: 68
68: 55 67 69
69: 56 68 70
70: 69 71 83
71: 70
72: 59 73 85
73: 60 72 86
74: 61 75
75: 74 88
76: 89
77: 90
78: 79 91
79: 66 78 80 92
80: 79 81
81: 80 94
82: 83
83: 70 82
84: 97
85: 72
86: 73 87
87: 86 100
88: 75 89 101
89: 76 88 90
90: 77 89
91: 78
92: 79 105
93: 106
94: 81 95
95: 94
96: 109
97: 84 98 110
98: 97 99
99: 98 100
100: 87 99
101: 88 114
102: 103
103: 102 116
104: 105 117
105: 92 104 106
106: 93 105 107
107: 106 108 120
108: 107
109: 96 122
110: 97
111: 112
112: 111 125
113: 114 126
114: 101 113 115 127
115: 114
116: 103 129
117: 104 118 130
118: 117
119: 120
120: 107 119 121
121: 120 122 134
122: 109 121 123
123: 122 124
124: 123 125 137
125: 112 124 138
126: 113
127: 114 140
128: 129 141
129: 116 128
130: 117 131 143
131: 130
132: 133
133: 132 146
134: 121 147
135: 136 148
136: 135
137: 124
138: 125
139: 140
140: 127 139 141 153
141: 128 140
142: 155
143: 130
144: 145
145: 144 146 158
146: 133 145 147 159
147: 134 146 148
148: 135 147 149
149: 148 150
150: 149 151 163
151: 150 152
152: 151 153
153: 140 152 166
154: 167
155: 142 168
156: 157
157: 156 158
158: 145 157
159: 146
160: 161
161: 160 162
162: 161 163
163: 150 162 164
164: 163 165
165: 164
166: 153 167
167: 154 166 168
168: 155 167