169 3

443 288 137 233 69 402 429 190 64 391 224 429 263 214 395 284 160 179 92 97 208 497 1 367 492 172 441 425 80 245 185 284 482 257 365 362 270 445 163 243 231 260 279 53 435 231 271 284 301 230 427 449 196 491 136 174 37 407 361 455 131 496 414 451 353 185 465 337 83 50 478 301 247 75 465 265 428 293 198 156 445 44 145 216 180 394 366 44 368 177 149 334 217 14 333 204 94 284 184 163 445 132 219 197 158 143 279 151 268 371 452 260 395 485 376 43 410 396 129 275 113 413 232 391 335 318 368 459 87 442 181 122 364 314 263 133 288 91 8 320 311 165 486 154 152 110 301 357 415 414 195 238 431 359 24 487 364 129 422 41 16 182 99 484 383 173 396 136 130
0: 1 13
1: 0 2 14
2: 1 3 15
3: 2 4 16
4: 3 5
5: 4 6 18
6: 5 7
7: 6 8
8: 7 9
9: 8 10
10: 9 11
11: 10 12 24
12: 11
13: 0
14: 1
15: 2
16: 3
17: 18 30
18: 5 17
19: 20 32
20: 19 21
21: 20
22: 35
23: 36
24: 11 25
25: 24 38
26: 27 39
27: 26
28: 29 41
29: 28 30 42
30: 17 29 31 43
31: 30 44
32: 19 33 45
33: 32 46
34: 47
35: 22 36
36: 23 35 37
37: 36 38
38: 25 37
39: 26 40
40: 39 41
41: 28 40 54
42: 29
43: 30
44: 31
45: 32 58
46: 33 47
47: 34 46 48 60
48: 47
49: 50 62
50: 49 51 63
51: 50 64
52: 53
53: 52 54
54: 41 53 55 67
55: 54 68
56: 57 69
57: 56 58 70
58: 45 57 59
59: 58 72
60: 47 61
61: 60 74
62: 49 75
63: 50
64: 51
65: 66
66: 65 67 79
67: 54 66
68: 55
69: 56 82
70: 57
71: 72 84
72: 59 71
73: 86
74: 61 75
75: 62 74 76 88
76: 75 77 89
77: 76
78: 79
79: 66 78
80: 93
81: 82
82: 69 81 83 95
83: 82
84: 71
85: 86 98
86: 73 85 87 99
87: 86 100
88: 75 101
89: 76 90
90: 89 103
91: 92 104
92: 91 93
93: 80 92 106
94: 95
95: 82 94 96
96: 95
97: 98 110
98: 85 97 111
99: 86
100: 87
101: 88 102
102: 101
103: 90 116
104: 91
105: 106
106: 93 105 119
107: 120
108: 109
109: 108 110
110: 97 109 123
111: 98 124
112: 125
113: 114 126
114: 113
115: 116 128
116: 103 115
117: 130
118: 131
119: 106 120 132
120: 107 119 121
121: 120 134
122: 123 135
123: 110 122
124: 111 125
125: 112 124 126 138
126: 113 125
127: 140
128: 115 129
129: 128 142
130: 117 131
131: 118 130 144
132: 119 133 145
133: 132
134: 121 135
135: 122 134 148
136: 149
137: 150
138: 125 151
139: 140 152
140: 127 139 153
141: 142
142: 129 141
143: 144
144: 131 143 145 157
145: 132 144 146
146: 145
147: 160
148: 135 149
149: 136 148
150: 137 163
151: 138 152
152: 139 151 165
153: 140 154 166
154: 153
155: 168
156: 157
157: 144 156 158
158: 157 159
159: 158
160: 147 161
161: 160 162
162: 161 163
163: 150 162 164
164: 163 165
165: 152 164
166: 153 167
167: 166 168
168: 155 167