169 2

78 42 51 52 88 29 14 48 88 34 59 83 8 56 60 35 38 54 12 4 100 6 24 97 40 15 5 87 61 74 62 54 79 42 97 41 56 18 53 54 68 49 30 4 95 32 13 74 22 42 31 18 62 66 49 19 16 78 4 9 71 52 91 55 100 66 93 84 64 100 1 44 18 16 84 40 87 22 34 96 24 36 70 72 49 10 100 9 79 85 42 11 10 55 47 97 26 59 34 99 60 79 70 48 32 83 76 55 19 32 20 5 20 33 79 6 74 12 82 22 83 10 77 73 69 36 31 39 90 98 77 35 34 75 63 53 19 34 74 97 50 90 37 6 26 24 41 5 90 77 58 42 36 25 62 9 78 80 38 23 26 5 60 96 37 31 26 82 24
0: 1
1: 0 2 14
2: 1 3
3: 2 4
4: 3 5 17
5: 4 6
6: 5 7
7: 6
8: 9
9: 8 10 22
10: 9 23
11: 12 24
12: 11
13: 14 26
14: 1 13 15
15: 14 16
16: 15
17: 4 18
18: 17 19 31
19: 18 20 32
20: 19 21 33
21: 20 22
22: 9 21 35
23: 10
24: 11 37
25: 38
26: 13
27: 40
28: 29
29: 28 30 42
30: 29 31
31: 18 30
32: 19
33: 20 46
34: 47
35: 22 36
36: 35 49
37: 24 38
38: 25 37 51
39: 40 52
40: 27 39 41
41: 40 54
42: 29 43
43: 42 44
44: 43 45 57
45: 44 58
46: 33 47 59
47: 34 46 48
48: 47
49: 36
50: 51 63
51: 38 50 64
52: 39 65
53: 54
54: 41 53 55
55: 54 68
56: 57 69
57: 44 56 70
58: 45
59: 46
60: 61
61: 60 62 74
62: 61
63: 50 76
64: 51 77
65: 52 66 78
66: 65 67 79
67: 66
68: 55 69
69: 56 68
70: 57
71: 72
72: 71 85
73: 86
74: 61 87
75: 76
76: 63 75 89
77: 64
78: 65 91
79: 66 80
80: 79 81 93
81: 80 82 94
82: 81 83 95
83: 82 84
84: 83 85 97
85: 72 84 98
86: 73 87 99
87: 74 86 88
88: 87
89: 76 90 102
90: 89
91: 78 104
92: 105
93: 80 106
94: 81 107
95: 82 96
96: 95
97: 84
98: 85
99: 86 112
100: 101
101: 100 114
102: 89 103 115
103: 102 116
104: 91 117
105: 92 118
106: 93
107: 94 108
108: 107 109
109: 108 110
110: 109
111: 124
112: 99 125
113: 114 126
114: 101 113 115 127
115: 102 114
116: 103
117: 104 118 130
118: 105 117
119: 120
120: 119 133
121: 122
122: 121 123 135
123: 122 136
124: 111 137
125: 112 138
126: 113
127: 114 140
128: 129
129: 128 142
130: 117
131: 144
132: 145
133: 120 146
134: 135 147
135: 122 134
136: 123 149
137: 124 138 150
138: 125 137 151
139: 140
140: 127 139 153
141: 154
142: 129 155
143: 144 156
144: 131 143 145
145: 132 144 146 158
146: 133 145 147
147: 134 146 148
148: 147
149: 136 162
150: 137 163
151: 138 152
152: 151 153 165
153: 140 152 154
154: 141 153 155
155: 142 154 168
156: 143
157: 158
158: 145 157
159: 160
160: 159 161
161: 160 162
162: 149 161 163
163: 150 162
164: 165
165: 152 164 166
166: 165 167
167: 166
168: 155