169 2

39 38 10 47 91 41 72 59 1 88 59 74 66 45 86 65 97 48 92 48 4 23 92 61 17 40 93 33 20 62 76 24 29 24 92 87 100 60 32 26 82 49 69 39 86 26 80 64 69 64 14 40 24 23 72 63 41 27 72 88 63 9 100 80 50 58 20 35 99 25 92 69 96 95 17 48 30 5 86 80 56 16 63 80 37 52 91 52 2 73 95 83 54 70 76 46 92 70 36 25 91 76 76 4 62 34 31 32 65 56 56 52 49 28 68 52 15 81 90 41 34 98 53 22 50 94 96 52 94 85 99 78 81 89 12 83 78 87 92 86 90 6 37 90 3 6 10 79 3 39 89 77 38 80 40 55 82 50 47 4 89 12 43 57 96 42 4 87 40
0: 13
1: 2 14
2: 1 3
3: 2 16
4: 5 17
5: 4 6
6: 5 7
7: 6 8 20
8: 7 9
9: 8
10: 23
11: 24
12: 25
13: 0 26
14: 1
15: 16 28
16: 3 15 17
17: 4 16 30
18: 19
19: 18 32
20: 7 21
21: 20 22 34
22: 21 23 35
23: 10 22 36
24: 11 37
25: 12 38
26: 13 27
27: 26 40
28: 15 29 41
29: 28
30: 17 31
31: 30 32
32: 19 31 45
33: 34 46
34: 21 33
35: 22
36: 23 37
37: 24 36 38 50
38: 25 37
39: 52
40: 27 41 53
41: 28 40 54
42: 55
43: 56
44: 45
45: 32 44 58
46: 33 47
47: 46
48: 61
49: 50 62
50: 37 49 63
51: 64
52: 39 53
53: 40 52
54: 41 67
55: 42 56
56: 43 55 57
57: 56 70
58: 45 59 71
59: 58
60: 61 73
61: 48 60
62: 49
63: 50
64: 51 77
65: 66 78
66: 65 67
67: 54 66 68
68: 67 81
69: 70 82
70: 57 69
71: 58
72: 85
73: 60 86
74: 87
75: 76
76: 75 77
77: 64 76 90
78: 65 79 91
79: 78 92
80: 81
81: 68 80 94
82: 69 83
83: 82 84 96
84: 83 85
85: 72 84
86: 73 87 99
87: 74 86 88 100
88: 87
89: 90 102
90: 77 89 103
91: 78 104
92: 79 93 105
93: 92
94: 81
95: 96 108
96: 83 95 97
97: 96
98: 111
99: 86
100: 87 101
101: 100 102 114
102: 89 101
103: 90
104: 91
105: 92 118
106: 119
107: 108
108: 95 107 109 121
109: 108 110 122
110: 109
111: 98 112
112: 111 113
113: 112 114 126
114: 101 113
115: 116
116: 115 129
117: 118
118: 105 117 119
119: 106 118 132
120: 121 133
121: 108 120
122: 109 123
123: 122 124 136
124: 123 125 137
125: 124 126
126: 113 125 127 139
127: 126 128
128: 127 141
129: 116 142
130: 131
131: 130 144
132: 119 145
133: 120 146
134: 135
135: 134 148
136: 123
137: 124 150
138: 139
139: 126 138
140: 141 153
141: 128 140 142 154
142: 129 141 155
143: 144 156
144: 131 143 145
145: 132 144 158
146: 133 147
147: 146 148 160
148: 135 147 161
149: 162
150: 137 151
151: 150 152 164
152: 151
153: 140 166
154: 141
155: 142
156: 143
157: 158
158: 145 157 159
159: 158
160: 147
161: 148 162
162: 149 161
163: 164
164: 151 163
165: 166
166: 153 165 167
167: 166 168
168: 167