100 2

491 448 174 116 497 425 255 255 417 270 369 415 344 99 58 366 303 49 447 102 390 177 440 268 272 208 115 269 169 455 42 344 426 95 240 434 39 18 262 7 67 319 388 186 479 226 329 435 194 355 366 204 107 425 370 202 438 149 59 137 340 495 122 433 375 321 135 50 32 457 329 351 255 268 171 372 123 327 454 38 280 115 476 331 333 369 471 153 154 491 65 47 409 244 255 328 46 170 404 42
0: 1
1: 0 2 11
2: 1 3 12
3: 2 4
4: 3
5: 15
6: 7
7: 6 8 17
8: 7 9
9: 8 19
10: 11 20
11: 1 10
12: 2 13 22
13: 12 14 23
14: 13 15
15: 5 14
16: 17
17: 7 16 18
18: 17
19: 9 29
20: 10 21
21: 20 31
22: 12
23: 13 24
24: 23 25
25: 24 35
26: 36
27: 37
28: 29 38
29: 19 28
30: 31
31: 21 30 32
32: 31 33 42
33: 32
34: 35
35: 25 34
36: 26 37
37: 27 36 38
38: 28 37 39 48
39: 38 49
40: 50
41: 51
42: 32 43
43: 42 44 53
44: 43
45: 46 55
46: 45
47: 48
48: 38 47 58
49: 39
50: 40 60
51: 41 52 61
52: 51 53
53: 43 52 63
54: 55
55: 45 54 56 65
56: 55
57: 58 67
58: 48 57 59
59: 58
60: 50 61 70
61: 51 60
62: 72
63: 53 64
64: 63
65: 55 75
66: 67 76
67: 57 66 68
68: 67
69: 79
70: 60 71 80
71: 70
72: 62 73 82
73: 72 74
74: 73 75
75: 65 74 85
76: 66 86
77: 87
78: 79 88
79: 69 78
80: 70 81
81: 80 82 91
82: 72 81 83
83: 82 93
84: 85
85: 75 84 86
86: 76 85 87
87: 77 86 97
88: 78 89
89: 88 99
90: 91
91: 81 90 92
92: 91
93: 83
94: 95
95: 94 96
96: 95 97
97: 87 96 98
98: 97 99
99: 89 98