100 2

165 414 401 216 480 483 9 363 475 416 337 336 278 6 20 208 204 442 323 377 58 206 178 147 152 419 497 426 352 173 81 24 275 212 279 169 499 118 430 477 402 159 422 258 26 261 250 291 405 44 270 78 317 243 280 260 400 154 327 163 477 134 6 380 29 434 117 316 272 363 63 260 406 448 231 107 82 280 106 405 90 142 342 5 244 190 212 338 161 247 75 447 372 458 357 350 150 218 433 288
0: 1
1: 0 2 11
2: 1 3 12
3: 2
4: 5
5: 4 6
6: 5 7 16
7: 6 8
8: 7 9
9: 8 19
10: 11 20
11: 1 10
12: 2 13
13: 12 14
14: 13 15 24
15: 14
16: 6 26
17: 18
18: 17 28
19: 9 29
20: 10 30
21: 22
22: 21 23
23: 22 24
24: 14 23 25
25: 24 26
26: 16 25 27 36
27: 26 37
28: 18 38
29: 19 39
30: 20 31
31: 30 32 41
32: 31 42
33: 34
34: 33 35 44
35: 34
36: 26
37: 27
38: 28 39
39: 29 38 49
40: 41
41: 31 40 51
42: 32 43
43: 42
44: 34 45
45: 44 46
46: 45 56
47: 48
48: 47 49
49: 39 48
50: 60
51: 41 52
52: 51 53
53: 52
54: 64
55: 65
56: 46 57 66
57: 56 67
58: 68
59: 69
60: 50 70
61: 62 71
62: 61 63
63: 62
64: 54 65 74
65: 55 64 66 75
66: 56 65
67: 57 77
68: 58 69 78
69: 59 68
70: 60 80
71: 61 72 81
72: 71 73
73: 72 74 83
74: 64 73
75: 65 76
76: 75
77: 67 87
78: 68 79 88
79: 78
80: 70 81 90
81: 71 80
82: 92
83: 73
84: 94
85: 86
86: 85 96
87: 77 88 97
88: 78 87 98
89: 99
90: 80 91
91: 90 92
92: 82 91 93
93: 92 94
94: 84 93 95
95: 94
96: 86 97
97: 87 96
98: 88 99
99: 89 98