100 2

21 474 334 301 383 438 500 464 56 143 130 352 142 38 236 141 73 324 481 46 111 235 350 479 324 493 406 361 300 331 449 175 84 34 69 5 327 121 36 462 52 174 207 138 248 275 414 402 382 344 82 1 400 197 359 348 483 250 399 386 29 22 342 36 311 49 150 34 467 117 223 18 365 238 96 4 223 76 395 354 74 49 426 353 313 233 425 240 457 408 201 180 298 79 453 96 120 484 238 124
0: 1
1: 0 11
2: 3
3: 2 13
4: 5 14
5: 4 15
6: 7 16
7: 6 17
8: 9 18
9: 8
10: 11 20
11: 1 10 21
12: 22
13: 3 14 23
14: 4 13
15: 5
16: 6
17: 7 18 27
18: 8 17
19: 29
20: 10 30
21: 11 22
22: 12 21 23
23: 13 22 24
24: 23 25
25: 24
26: 27
27: 17 26 28 37
28: 27
29: 19 39
30: 20 40
31: 32
32: 31 33 42
33: 32
34: 35 44
35: 34 36
36: 35 37 46
37: 27 36
38: 39
39: 29 38 49
40: 30 41
41: 40 42
42: 32 41 52
43: 53
44: 34 45 54
45: 44
46: 36 47
47: 46
48: 49
49: 39 48 59
50: 51
51: 50 52
52: 42 51 53
53: 43 52 54
54: 44 53
55: 65
56: 66
57: 58
58: 57 59
59: 49 58 69
60: 61
61: 60 71
62: 63
63: 62 73
64: 65
65: 55 64 75
66: 56 67 76
67: 66 77
68: 69 78
69: 59 68
70: 80
71: 61 72
72: 71 73 82
73: 63 72 74
74: 73
75: 65 76
76: 66 75
77: 67 87
78: 68 79
79: 78 89
80: 70 90
81: 91
82: 72 83 92
83: 82 84
84: 83 85
85: 84 86
86: 85 96
87: 77 88 97
88: 87 89 98
89: 79 88
90: 80 91
91: 81 90 92
92: 82 91
93: 94
94: 93 95
95: 94 96
96: 86 95 97
97: 87 96
98: 88 99
99: 98