100 2

39 1 74 37 76 5 57 78 62 51 33 61 42 99 75 23 27 41 23 9 39 67 57 83 58 62 25 55 85 1 64 53 3 79 16 51 81 66 35 44 86 20 62 98 28 39 92 19 92 61 72 31 60 76 33 33 51 39 20 15 24 81 69 50 96 96 86 17 57 42 33 54 25 28 60 70 46 97 99 87 3 50 13 32 29 48 11 64 57 9 88 23 93 18 50 75 93 34 36 37
0: 1
1: 0 2 11
2: 1
3: 13
4: 5 14
5: 4 6
6: 5 16
7: 8 17
8: 7 9 18
9: 8
10: 11
11: 1 10 12 21
12: 11 13
13: 3 12 14 23
14: 4 13
15: 16 25
16: 6 15
17: 7
18: 8 28
19: 29
20: 30
21: 11 22
22: 21 32
23: 13 33
24: 25
25: 15 24 26
26: 25 27
27: 26 37
28: 18 29
29: 19 28 39
30: 20 31 40
31: 30 32
32: 22 31 42
33: 23 34 43
34: 33
35: 36 45
36: 35 37
37: 27 36
38: 39 48
39: 29 38 49
40: 30 41 50
41: 40
42: 32
43: 33 44 53
44: 43
45: 35 55
46: 47
47: 46 57
48: 38 58
49: 39
50: 40 60
51: 52
52: 51 62
53: 43
54: 55 64
55: 45 54 56
56: 55 57
57: 47 56 58
58: 48 57 68
59: 69
60: 50 70
61: 62
62: 52 61 63 72
63: 62
64: 54
65: 66 75
66: 65
67: 68
68: 58 67 69
69: 59 68
70: 60 71
71: 70 72 81
72: 62 71
73: 83
74: 75 84
75: 65 74 76
76: 75 77
77: 76 87
78: 79 88
79: 78
80: 81 90
81: 71 80 82 91
82: 81 83
83: 73 82 84 93
84: 74 83 85
85: 84
86: 96
87: 77 97
88: 78 98
89: 99
90: 80
91: 81 92
92: 91
93: 83 94
94: 93
95: 96
96: 86 95 97
97: 87 96 98
98: 88 97 99
99: 89 98