100 2

59 84 44 7 14 17 87 98 1 23 51 84 74 90 46 66 86 95 47 68 44 83 25 40 2 18 14 26 50 95 14 96 55 92 94 51 48 39 64 37 54 21 23 75 41 50 10 84 26 74 65 70 23 76 12 67 77 49 14 72 6 8 79 23 53 9 82 77 11 53 50 45 10 19 23 4 19 94 54 92 32 78 55 5 56 5 35 84 32 85 83 25 80 32 19 98 39 80 89 2
0: 10
1: 2
2: 1 3 12
3: 2 4
4: 3 5
5: 4 6
6: 5 16
7: 8
8: 7 9 18
9: 8
10: 0 11 20
11: 10
12: 2
13: 23
14: 15 24
15: 14 16
16: 6 15 26
17: 18 27
18: 8 17 19 28
19: 18
20: 10 21
21: 20 22
22: 21 23 32
23: 13 22 24 33
24: 14 23 25
25: 24
26: 16
27: 17 37
28: 18
29: 39
30: 40
31: 32 41
32: 22 31
33: 23 34
34: 33 35
35: 34 36
36: 35
37: 27 38 47
38: 37
39: 29 49
40: 30 41
41: 31 40 51
42: 43
43: 42 44
44: 43 45 54
45: 44 46
46: 45 47
47: 37 46 48
48: 47 49
49: 39 48 59
50: 60
51: 41 61
52: 53 62
53: 52 63
54: 44
55: 56
56: 55 57
57: 56 58 67
58: 57 68
59: 49 69
60: 50 61
61: 51 60 62
62: 52 61
63: 53 73
64: 65
65: 64 75
66: 76
67: 57 77
68: 58 69
69: 59 68 79
70: 71 80
71: 70 72
72: 71 82
73: 63 74 83
74: 73 75 84
75: 65 74
76: 66 77 86
77: 67 76
78: 88
79: 69 89
80: 70 90
81: 91
82: 72 83
83: 73 82
84: 74
85: 86
86: 76 85 87 96
87: 86 97
88: 78 98
89: 79 99
90: 80 91
91: 81 90
92: 93
93: 92 94
94: 93 95
95: 94 96
96: 86 95
97: 87
98: 88 99
99: 89 98