81 2

15 64 43 75 71 78 24 57 37 58 41 24 11 11 79 43 10 47 81 66 23 70 45 62 17 11 80 90 61 27 81 91 58 77 19 4 53 95 42 14 22 17 26 88 50 96 34 70 3 4 64 56 90 9 77 36 13 10 75 3 6 22 51 3 26 62 84 64 75 67 100 16 61 30 67 59 26 82 51 97 32
0: 1 9
1: 0 2 10
2: 1 3 11
3: 2 4 12
4: 3 5 13
5: 4 6 14
6: 5 7 15
7: 6 8 16
8: 7 17
9: 0 10 18
10: 1 9 11 19
11: 2 10 12 20
12: 3 11 13 21
13: 4 12 14 22
14: 5 13 15 23
15: 6 14 16 24
16: 7 15 17 25
17: 8 16 26
18: 9 19 27
19: 10 18 20 28
20: 11 19 21 29
21: 12 20 22 30
22: 13 21 23 31
23: 14 22 24 32
24: 15 23 25 33
25: 16 24 26 34
26: 17 25 35
27: 18 28 36
28: 19 27 29 37
29: 20 28 30 38
30: 21 29 31 39
31: 22 30 32 40
32: 23 31 33 41
33: 24 32 34 42
34: 25 33 35 43
35: 26 34 44
36: 27 37 45
37: 28 36 38 46
38: 29 37 39 47
39: 30 38 40 48
40: 31 39 41 49
41: 32 40 42 50
42: 33 41 43 51
43: 34 42 44 52
44: 35 43 53
45: 36 46 54
46: 37 45 47 55
47: 38 46 48 56
48: 39 47 49 57
49: 40 48 50 58
50: 41 49 51 59
51: 42 50 52 60
52: 43 51 53 61
53: 44 52 62
54: 45 55 63
55: 46 54 56 64
56: 47 55 57 65
57: 48 56 58 66
58: 49 57 59 67
59: 50 58 60 68
60: 51 59 61 69
61: 52 60 62 70
62: 53 61 71
63: 54 64 72
64: 55 63 65 73
65: 56 64 66 74
66: 57 65 67 75
67: 58 66 68 76
68: 59 67 69 77
69: 60 68 70 78
70: 61 69 71 79
71: 62 70 80
72: 63 73
73: 64 72 74
74: 65 73 75
75: 66 74 76
76: 67 75 77
77: 68 76 78
78: 69 77 79
79: 70 78 80
80: 71 79