121 2

40 63 100 23 26 72 3 52 84 25 43 42 8 74 2 14 50 52 26 92 51 49 52 51 90 58 72 76 7 5 47 81 8 75 5 5 51 8 72 12 4 21 81 38 33 29 98 20 50 54 24 61 52 3 60 40 3 100 15 95 91 8 8 80 59 65 62 47 57 49 84 19 69 81 18 20 51 32 98 85 97 35 16 41 70 75 93 58 55 52 72 11 45 62 3 87 79 19 77 75 9 60 43 36 44 2 77 43 34 58 83 92 78 39 94 86 83 64 94 25 6
0: 11
1: 12
2: 3
3: 2 14
4: 15
5: 6
6: 5 7 17
7: 6
8: 9
9: 8 10 20
10: 9 21
11: 0 12 22
12: 1 11 13 23
13: 12 14
14: 3 13 15 25
15: 4 14 16
16: 15
17: 6 28
18: 19 29
19: 18
20: 9
21: 10 32
22: 11
23: 12 34
24: 35
25: 14
26: 37
27: 28
28: 17 27 29
29: 18 28 30 40
30: 29
31: 32
32: 21 31 43
33: 34
34: 23 33 35 45
35: 24 34 36 46
36: 35 37
37: 26 36 38 48
38: 37 39
39: 38 40 50
40: 29 39 41 51
41: 40 52
42: 53
43: 32 54
44: 45
45: 34 44 56
46: 35
47: 48 58
48: 37 47
49: 50
50: 39 49 61
51: 40
52: 41 53
53: 42 52 54 64
54: 43 53
55: 56 66
56: 45 55 57 67
57: 56
58: 47 59 69
59: 58
60: 61
61: 50 60 62 72
62: 61 63 73
63: 62
64: 53 75
65: 76
66: 55 77
67: 56 68
68: 67 79
69: 58
70: 71
71: 70 72 82
72: 61 71
73: 62
74: 75 85
75: 64 74 76 86
76: 65 75 87
77: 66 78 88
78: 77
79: 68
80: 91
81: 82 92
82: 71 81 83
83: 82 84 94
84: 83
85: 74
86: 75 97
87: 76
88: 77
89: 100
90: 91
91: 80 90 92 102
92: 81 91
93: 94
94: 83 93 95 105
95: 94
96: 97
97: 86 96 98 108
98: 97
99: 100 110
100: 89 99 101 111
101: 100 102
102: 91 101 103 113
103: 102 114
104: 105 115
105: 94 104 106 116
106: 105 117
107: 108
108: 97 107 119
109: 120
110: 99
111: 100
112: 113
113: 102 112
114: 103
115: 104
116: 105
117: 106
118: 119
119: 108 118 120
120: 109 119