121 3

416 424 88 171 158 291 261 16 250 125 41 231 466 264 449 50 331 463 72 460 149 473 385 106 393 405 326 319 489 32 158 366 293 345 418 14 168 187 129 194 385 420 444 393 169 379 13 369 400 296 408 156 124 182 154 323 286 148 479 176 60 156 81 357 249 176 111 407 483 430 96 275 150 292 166 317 9 85 242 329 237 296 425 118 271 168 247 410 108 366 165 336 204 218 135 467 192 11 443 482 138 372 198 128 360 142 45 336 1 287 142 257 454 357 232 246 429 151 121 80 237
0: 11
1: 2
2: 1 3 13
3: 2 4
4: 3 5 15
5: 4
6: 7
7: 6 8 18
8: 7 9
9: 8 10 20
10: 9 21
11: 0 22
12: 23
13: 2
14: 15
15: 4 14 16 26
16: 15
17: 18
18: 7 17 19 29
19: 18
20: 9 31
21: 10
22: 11 23
23: 12 22 24
24: 23 35
25: 36
26: 15 37
27: 38
28: 29
29: 18 28 30 40
30: 29
31: 20 32
32: 31
33: 44
34: 35
35: 24 34 36 46
36: 25 35 37
37: 26 36 38
38: 27 37 39 49
39: 38
40: 29 51
41: 52
42: 53
43: 54
44: 33 55
45: 46
46: 35 45 47 57
47: 46
48: 59
49: 38 60
50: 51
51: 40 50 52 62
52: 41 51 53
53: 42 52 54
54: 43 53 65
55: 44 66
56: 57
57: 46 56 58 68
58: 57
59: 48 60 70
60: 49 59 61 71
61: 60 62 72
62: 51 61 63 73
63: 62
64: 65
65: 54 64 76
66: 55 67 77
67: 66
68: 57
69: 70
70: 59 69 81
71: 60
72: 61 83
73: 62
74: 85
75: 76
76: 65 75 87
77: 66 78 88
78: 77
79: 90
80: 81
81: 70 80
82: 83
83: 72 82 84 94
84: 83
85: 74 96
86: 97
87: 76
88: 77 89 99
89: 88 90 100
90: 79 89 91
91: 90 102
92: 93 103
93: 92 94
94: 83 93 105
95: 106
96: 85 97
97: 86 96 98 108
98: 97
99: 88
100: 89 101 111
101: 100
102: 91 103 113
103: 92 102 104 114
104: 103
105: 94 106 116
106: 95 105 117
107: 108
108: 97 107 109 119
109: 108
110: 111
111: 100 110 112
112: 111
113: 102
114: 103 115
115: 114
116: 105
117: 106 118
118: 117 119
119: 108 118 120
120: 119