121 2

62 29 31 100 26 63 87 37 11 74 17 65 41 69 15 88 73 55 84 55 69 12 29 91 62 3 51 1 45 54 43 12 64 31 18 37 5 27 67 13 78 2 66 87 98 38 98 3 43 62 29 45 6 81 79 73 2 99 94 55 69 34 22 42 9 29 68 48 36 55 95 15 42 95 80 88 100 35 94 7 96 11 4 90 25 21 97 20 94 69 81 59 47 23 75 33 91 32 17 8 85 67 80 76 17 89 2 93 73 93 72 98 95 40 35 87 15 92 90 79 81
0: 1
1: 0 2 12
2: 1 13
3: 14
4: 5 15
5: 4
6: 7
7: 6 8 18
8: 7 9 19
9: 8 10
10: 9 21
11: 22
12: 1
13: 2 14
14: 3 13 15 25
15: 4 14
16: 27
17: 28
18: 7
19: 8
20: 21
21: 10 20 32
22: 11 33
23: 34
24: 25
25: 14 24 26 36
26: 25 27
27: 16 26 28 38
28: 17 27 39
29: 30
30: 29 31 41
31: 30 32
32: 21 31 43
33: 22 34 44
34: 23 33 35 45
35: 34 36
36: 25 35 37 47
37: 36
38: 27
39: 28 50
40: 41
41: 30 40 42 52
42: 41
43: 32
44: 33
45: 34 56
46: 47
47: 36 46 48 58
48: 47 59
49: 50
50: 39 49 61
51: 52
52: 41 51 53 63
53: 52
54: 65
55: 56
56: 45 55 57 67
57: 56
58: 47
59: 48
60: 71
61: 50 62 72
62: 61 63 73
63: 52 62 64
64: 63 65 75
65: 54 64
66: 67 77
67: 56 66 68
68: 67 69 79
69: 68
70: 81
71: 60 72 82
72: 61 71
73: 62
74: 85
75: 64
76: 87
77: 66 88
78: 79
79: 68 78 80 90
80: 79
81: 70 82 92
82: 71 81 83 93
83: 82
84: 85 95
85: 74 84 86 96
86: 85 87
87: 76 86 98
88: 77 99
89: 90
90: 79 89
91: 92
92: 81 91
93: 82 94 104
94: 93
95: 84 106
96: 85
97: 98 108
98: 87 97 109
99: 88 100 110
100: 99
101: 102
102: 101 113
103: 104 114
104: 93 103 115
105: 106 116
106: 95 105 107 117
107: 106
108: 97 119
109: 98
110: 99 111
111: 110
112: 113
113: 102 112 114
114: 103 113
115: 104 116
116: 105 115
117: 106
118: 119
119: 108 118 120
120: 119