121 5

52 170 427 91 486 436 21 269 476 95 407 387 360 435 349 447 139 469 459 52 334 346 333 246 26 39 195 309 483 178 292 116 205 450 174 82 126 352 125 343 68 372 499 399 343 138 211 68 362 372 466 54 444 4 322 248 53 333 172 205 23 486 220 477 72 17 234 444 52 212 367 134 114 371 251 361 252 479 214 367 451 224 460 246 80 403 418 328 403 257 21 395 21 400 413 16 21 186 289 36 184 136 46 362 396 185 52 448 402 203 21 238 335 1 92 360 41 165 239 484 110
0: 1 11
1: 0 2 12
2: 1 3
3: 2 4 14
4: 3
5: 6 16
6: 5 7 17
7: 6
8: 19
9: 10 20
10: 9
11: 0
12: 1
13: 24
14: 3 25
15: 16
16: 5 15 27
17: 6
18: 19
19: 8 18 20 30
20: 9 19
21: 32
22: 23
23: 22 24
24: 13 23 25 35
25: 14 24 26 36
26: 25
27: 16 38
28: 29
29: 28 30 40
30: 19 29 31
31: 30 32
32: 21 31 43
33: 34
34: 33 35 45
35: 24 34
36: 25 37 47
37: 36 38
38: 27 37 39
39: 38 40
40: 29 39 41 51
41: 40
42: 53
43: 32
44: 45
45: 34 44 56
46: 47
47: 36 46 48 58
48: 47
49: 60
50: 51
51: 40 50 52 62
52: 51 53
53: 42 52 54 64
54: 53
55: 56 66
56: 45 55
57: 68
58: 47 59 69
59: 58 60
60: 49 59 61 71
61: 60
62: 51
63: 64
64: 53 63 65 75
65: 64 76
66: 55
67: 68
68: 57 67 69 79
69: 58 68 80
70: 71
71: 60 70 72 82
72: 71 83
73: 84
74: 75
75: 64 74
76: 65 87
77: 78
78: 77 89
79: 68 90
80: 69
81: 92
82: 71
83: 72 84
84: 73 83 95
85: 96
86: 97
87: 76
88: 99
89: 78 90
90: 79 89 91 101
91: 90
92: 81 93 103
93: 92
94: 95
95: 84 94 96 106
96: 85 95 97 107
97: 86 96 98 108
98: 97 109
99: 88 100 110
100: 99 101
101: 90 100 102
102: 101 103 113
103: 92 102
104: 105
105: 104 116
106: 95 117
107: 96
108: 97
109: 98 120
110: 99 111
111: 110
112: 113
113: 102 112 114
114: 113
115: 116
116: 105 115 117
117: 106 116 118
118: 117
119: 120
120: 109 119