121 3

27 82 52 58 3 18 45 40 24 23 55 96 38 53 88 52 82 76 56 25 53 44 86 80 95 41 48 21 68 58 68 68 6 98 92 90 70 86 25 85 21 98 55 14 24 41 56 33 28 77 51 68 74 83 36 81 73 29 49 7 99 56 15 45 92 44 50 100 33 14 40 72 15 23 43 17 90 68 86 13 74 1 71 75 53 18 36 89 63 55 65 70 95 2 2 17 4 64 42 36 25 95 43 28 46 61 52 37 61 27 52 49 14 86 67 56 61 2 68 48 56
0: 1 11
1: 0 12
2: 3 13
3: 2 4
4: 3 5 15
5: 4 6 16
6: 5 7 17
7: 6 8
8: 7 9 19
9: 8 10 20
10: 9
11: 0
12: 1 13 23
13: 2 12
14: 25
15: 4 26
16: 5
17: 6
18: 19
19: 8 18 30
20: 9 21
21: 20 32
22: 23
23: 12 22
24: 25
25: 14 24 26
26: 15 25 27
27: 26 28 38
28: 27
29: 40
30: 19
31: 32
32: 21 31 43
33: 44
34: 45
35: 46
36: 47
37: 38
38: 27 37 49
39: 40
40: 29 39 41 51
41: 40
42: 43
43: 32 42 54
44: 33 45 55
45: 34 44 46
46: 35 45 57
47: 36 48
48: 47 49 59
49: 38 48
50: 61
51: 40 62
52: 63
53: 54
54: 43 53 65
55: 44 66
56: 57
57: 46 56 68
58: 59
59: 48 58 60 70
60: 59
61: 50 62
62: 51 61 63 73
63: 52 62
64: 75
65: 54
66: 55 77
67: 68
68: 57 67 69 79
69: 68 70
70: 59 69 81
71: 72
72: 71 73
73: 62 72 74
74: 73 75
75: 64 74 76 86
76: 75
77: 66
78: 79
79: 68 78 90
80: 81
81: 70 80 82 92
82: 81 93
83: 94
84: 95
85: 86 96
86: 75 85 87
87: 86
88: 99
89: 90 100
90: 79 89
91: 102
92: 81
93: 82 94 104
94: 83 93 95 105
95: 84 94 96 106
96: 85 95 97 107
97: 96
98: 109
99: 88 100 110
100: 89 99 111
101: 112
102: 91 103
103: 102 104 114
104: 93 103 115
105: 94
106: 95 117
107: 96 108
108: 107 109
109: 98 108 120
110: 99
111: 100 112
112: 101 111 113
113: 112
114: 103
115: 104
116: 117
117: 106 116 118
118: 117
119: 120
120: 109 119