121 2

13 240 415 147 209 127 42 485 411 13 342 404 179 336 431 411 57 473 106 487 106 441 143 20 218 114 358 263 292 321 259 366 189 266 41 310 378 39 338 244 137 304 361 442 304 79 194 86 431 273 309 443 291 57 457 92 160 433 245 240 154 395 109 218 241 368 331 129 485 467 180 150 202 500 168 29 57 93 175 57 451 437 38 6 96 222 432 137 259 415 308 85 409 116 306 232 81 405 106 249 195 334 139 500 307 475 120 279 487 141 103 171 126 69 120 399 283 108 472 342 262
0: 1 11
1: 0 12
2: 3
3: 2 4 14
4: 3 5
5: 4 6 16
6: 5 7 17
7: 6
8: 9
9: 8 10 20
10: 9
11: 0
12: 1 13 23
13: 12
14: 3 25
15: 16
16: 5 15 27
17: 6
18: 19 29
19: 18 20
20: 9 19 21 31
21: 20
22: 23
23: 12 22 24 34
24: 23 25
25: 14 24
26: 37
27: 16 28
28: 27 39
29: 18 40
30: 41
31: 20 32
32: 31 43
33: 34
34: 23 33 35 45
35: 34
36: 37 47
37: 26 36 38 48
38: 37
39: 28 40 50
40: 29 39 41
41: 30 40
42: 53
43: 32
44: 45
45: 34 44 46 56
46: 45 47
47: 36 46 58
48: 37
49: 60
50: 39
51: 62
52: 53
53: 42 52 54 64
54: 53
55: 56 66
56: 45 55 57 67
57: 56
58: 47 59
59: 58 60
60: 49 59 71
61: 62
62: 51 61 63
63: 62 74
64: 53 75
65: 76
66: 55
67: 56 78
68: 79
69: 70
70: 69 71
71: 60 70 82
72: 83
73: 84
74: 63 75 85
75: 64 74 76 86
76: 65 75 87
77: 78 88
78: 67 77 79 89
79: 68 78 80 90
80: 79
81: 82
82: 71 81 83 93
83: 72 82 84 94
84: 73 83 85
85: 74 84 96
86: 75
87: 76 98
88: 77
89: 78
90: 79 91
91: 90 92 102
92: 91
93: 82 104
94: 83
95: 96 106
96: 85 95 97 107
97: 96
98: 87 109
99: 110
100: 111
101: 112
102: 91 113
103: 114
104: 93
105: 106
106: 95 105 117
107: 96
108: 109
109: 98 108 120
110: 99 111
111: 100 110 112
112: 101 111 113
113: 102 112 114
114: 103 113 115
115: 114
116: 117
117: 106 116 118
118: 117
119: 120
120: 109 119