121 5

4 95 98 51 1 31 97 27 32 53 22 57 78 70 20 77 79 13 99 17 41 48 22 51 5 88 22 56 14 96 23 81 7 60 70 49 78 15 72 35 54 32 45 4 22 91 94 78 89 23 100 21 6 11 63 22 69 81 100 33 32 21 90 32 72 34 78 9 34 9 98 64 39 53 40 23 96 59 5 76 25 43 26 78 75 49 77 53 99 33 85 63 55 23 28 28 90 38 12 32 99 85 67 72 8 96 31 66 78 65 75 83 14 24 76 13 48 61 65 32 53
0: 1 11
1: 0
2: 3
3: 2 4 14
4: 3 5 15
5: 4
6: 17
7: 8
8: 7 19
9: 10
10: 9 21
11: 0 22
12: 23
13: 14 24
14: 3 13
15: 4
16: 17
17: 6 16 18 28
18: 17
19: 8 20 30
20: 19
21: 10 32
22: 11 23 33
23: 12 22 24
24: 13 23 25 35
25: 24
26: 27 37
27: 26 28
28: 17 27 29 39
29: 28
30: 19 41
31: 32
32: 21 31 43
33: 22 44
34: 35
35: 24 34 46
36: 37 47
37: 26 36 38 48
38: 37
39: 28 40
40: 39 51
41: 30 52
42: 43 53
43: 32 42 54
44: 33 45 55
45: 44
46: 35
47: 36
48: 37
49: 60
50: 51
51: 40 50 52 62
52: 41 51 53 63
53: 42 52 64
54: 43 65
55: 44 56
56: 55 67
57: 68
58: 69
59: 60
60: 49 59 61 71
61: 60 72
62: 51
63: 52 74
64: 53
65: 54
66: 67
67: 56 66 68 78
68: 57 67 69
69: 58 68 70 80
70: 69
71: 60 82
72: 61 73
73: 72 74
74: 63 73 75 85
75: 74 76 86
76: 75
77: 78
78: 67 77 79 89
79: 78
80: 69 81 91
81: 80 82
82: 71 81 83 93
83: 82
84: 95
85: 74
86: 75 97
87: 98
88: 89 99
89: 78 88 90
90: 89
91: 80
92: 93
93: 82 92 94 104
94: 93 95
95: 84 94 96 106
96: 95
97: 86 98 108
98: 87 97 109
99: 88 100 110
100: 99
101: 112
102: 113
103: 104
104: 93 103 105 115
105: 104
106: 95 107 117
107: 106
108: 97 119
109: 98
110: 99
111: 112
112: 101 111 113
113: 102 112 114
114: 113 115
115: 104 114 116
116: 115
117: 106
118: 119
119: 108 118 120
120: 119