121 2

405 140 297 24 165 315 121 153 174 413 373 109 199 282 295 499 248 254 270 204 5 264 48 137 491 386 130 267 285 406 243 78 155 144 425 195 334 95 316 457 122 159 229 141 15 411 302 390 337 390 14 88 43 379 344 194 45 276 216 1 494 123 418 425 318 7 134 170 81 460 26 100 483 449 217 421 424 338 65 37 222 170 484 383 168 137 11 401 15 416 141 247 97 209 410 206 128 347 385 313 58 398 74 465 336 287 320 369 262 310 244 478 114 129 414 141 335 158 263 85 462
0: 11
1: 2 12
2: 1 3
3: 2 4 14
4: 3 5
5: 4 6
6: 5 7 17
7: 6 8 18
8: 7 19
9: 20
10: 21
11: 0 12 22
12: 1 11 13
13: 12
14: 3
15: 26
16: 17
17: 6 16 28
18: 7
19: 8 20
20: 9 19 21 31
21: 10 20
22: 11 23 33
23: 22 24 34
24: 23
25: 26
26: 15 25 27 37
27: 26
28: 17
29: 40
30: 31
31: 20 30 32 42
32: 31 43
33: 22 44
34: 23
35: 36 46
36: 35 37
37: 26 36 38 48
38: 37
39: 50
40: 29 51
41: 42 52
42: 31 41
43: 32 54
44: 33 45 55
45: 44
46: 35
47: 58
48: 37 59
49: 50
50: 39 49 51 61
51: 40 50 52 62
52: 41 51 53 63
53: 52
54: 43 65
55: 44 56
56: 55 57 67
57: 56
58: 47 59
59: 48 58 60 70
60: 59
61: 50
62: 51
63: 52
64: 65
65: 54 64 76
66: 67
67: 56 66 78
68: 79
69: 70
70: 59 69 71 81
71: 70 72 82
72: 71
73: 84
74: 85
75: 86
76: 65
77: 78 88
78: 67 77 79
79: 68 78 80 90
80: 79
81: 70 92
82: 71
83: 84
84: 73 83 85
85: 74 84 86 96
86: 75 85 87 97
87: 86
88: 77 89 99
89: 88
90: 79 91
91: 90 92 102
92: 81 91 93
93: 92 104
94: 95
95: 94 96 106
96: 85 95 107
97: 86
98: 109
99: 88 100 110
100: 99 101 111
101: 100
102: 91 103 113
103: 102
104: 93 115
105: 106
106: 95 105 117
107: 96
108: 109 119
109: 98 108
110: 99
111: 100
112: 113
113: 102 112 114
114: 113
115: 104 116
116: 115 117
117: 106 116 118
118: 117 119
119: 108 118 120
120: 119