169 2

39 38 10 47 91 41 72 59 1 88 59 74 66 45 86 65 97 48 92 48 4 23 92 61 17 40 93 33 20 62 76 24 29 24 92 87 100 60 32 26 82 49 69 39 86 26 80 64 69 64 14 40 24 23 72 63 41 27 72 88 63 9 100 80 50 58 20 35 99 25 92 69 96 95 17 48 30 5 86 80 56 16 63 80 37 52 91 52 2 73 95 83 54 70 76 46 92 70 36 25 91 76 76 4 62 34 31 32 65 56 56 52 49 28 68 52 15 81 90 41 34 98 53 22 50 94 96 52 94 85 99 78 81 89 12 83 78 87 92 86 90 6 37 90 3 6 10 79 3 39 89 77 38 80 40 55 82 50 47 4 89 12 43 57 96 42 4 87 40
0: 1 13
1: 0 2
2: 1 3 15
3: 2 16
4: 5
5: 4 6
6: 5 19
7: 8
8: 7 9 21
9: 8
10: 23
11: 24
12: 25
13: 0
14: 27
15: 2 28
16: 3
17: 30
18: 31
19: 6 20
20: 19 21 33
21: 8 20 22 34
22: 21
23: 10 24
24: 11 23 25
25: 12 24 38
26: 39
27: 14 28 40
28: 15 27 29 41
29: 28
30: 17 31
31: 18 30 32 44
32: 31 33 45
33: 20 32 46
34: 21
35: 48
36: 37
37: 36 50
38: 25 51
39: 26 52
40: 27 53
41: 28
42: 43
43: 42 56
44: 31
45: 32 58
46: 33
47: 60
48: 35 61
49: 50
50: 37 49 51 63
51: 38 50 64
52: 39 53
53: 40 52 54 66
54: 53
55: 56
56: 43 55 57 69
57: 56 58
58: 45 57
59: 60
60: 47 59 61
61: 48 60 62 74
62: 61
63: 50
64: 51 77
65: 66 78
66: 53 65 67 79
67: 66 80
68: 81
69: 56 70 82
70: 69
71: 84
72: 85
73: 74
74: 61 73 75
75: 74 76 88
76: 75 77
77: 64 76 90
78: 65
79: 66
80: 67 81
81: 68 80 82 94
82: 69 81 95
83: 84
84: 71 83 85
85: 72 84 98
86: 99
87: 88
88: 75 87 89 101
89: 88
90: 77 103
91: 92
92: 91 105
93: 106
94: 81 107
95: 82 96
96: 95
97: 98
98: 85 97 99 111
99: 86 98 100 112
100: 99
101: 88
102: 103
103: 90 102 116
104: 105 117
105: 92 104 106 118
106: 93 105 107 119
107: 94 106 108 120
108: 107 109
109: 108 122
110: 123
111: 98 124
112: 99 113 125
113: 112 114 126
114: 113 115 127
115: 114 116
116: 103 115 129
117: 104
118: 105
119: 106
120: 107
121: 134
122: 109 123
123: 110 122 124 136
124: 111 123 137
125: 112
126: 113
127: 114
128: 141
129: 116 142
130: 131
131: 130 144
132: 145
133: 146
134: 121 147
135: 148
136: 123 149
137: 124
138: 151
139: 152
140: 141
141: 128 140 142 154
142: 129 141 155
143: 144
144: 131 143 145 157
145: 132 144 146
146: 133 145 147 159
147: 134 146 148
148: 135 147 149 161
149: 136 148 150
150: 149
151: 138 152
152: 139 151 165
153: 154 166
154: 141 153
155: 142 168
156: 157
157: 144 156
158: 159
159: 146 158 160
160: 159
161: 148 162
162: 161 163
163: 162
164: 165
165: 152 164 166
166: 153 165 167
167: 166
168: 155