169 5

62 58 33 100 9 31 24 14 33 7 98 100 77 3 71 55 5 41 32 6 94 89 50 27 57 21 52 89 41 24 39 28 67 39 59 67 84 15 51 96 73 69 91 83 65 39 70 89 92 46 64 3 51 92 76 17 20 76 31 51 27 6 1 72 70 7 59 64 36 86 87 52 59 11 33 55 52 77 43 70 33 86 76 34 99 39 62 2 53 9 36 86 11 33 33 29 4 56 93 9 25 8 2 60 32 29 64 17 47 7 91 59 38 44 31 41 53 82 73 54 61 84 67 13 53 96 82 41 8 59 43 23 60 72 76 32 29 14 40 78 84 92 13 64 23 31 67 9 58 65 93 72 88 28 60 75 51 69 53 88 20 11 80 84 11 95 72 78 36
0: 1 13
1: 0 2
2: 1 15
3: 16
4: 5 17
5: 4 6
6: 5 7 19
7: 6 8
8: 7 9 21
9: 8 10 22
10: 9
11: 24
12: 25
13: 0 14 26
14: 13
15: 2 16
16: 3 15 17 29
17: 4 16
18: 19 31
19: 6 18 20 32
20: 19
21: 8
22: 9 23 35
23: 22 24
24: 11 23 37
25: 12 38
26: 13
27: 28
28: 27 29 41
29: 16 28 30
30: 29
31: 18 44
32: 19 33
33: 32 34 46
34: 33
35: 22
36: 37
37: 24 36 38
38: 25 37 51
39: 52
40: 41
41: 28 40
42: 55
43: 56
44: 31 45
45: 44 58
46: 33
47: 60
48: 61
49: 62
50: 51
51: 38 50 64
52: 39 53 65
53: 52
54: 55
55: 42 54 56 68
56: 43 55 57 69
57: 56 58
58: 45 57 59 71
59: 58 60
60: 47 59 61 73
61: 48 60 62 74
62: 49 61 63 75
63: 62
64: 51
65: 52 66 78
66: 65
67: 68 80
68: 55 67
69: 56
70: 83
71: 58
72: 73 85
73: 60 72
74: 61 87
75: 62
76: 89
77: 90
78: 65 79
79: 78 92
80: 67 81 93
81: 80
82: 95
83: 70 84 96
84: 83
85: 72
86: 87
87: 74 86 88 100
88: 87
89: 76 90 102
90: 77 89
91: 92
92: 79 91 93 105
93: 80 92 94
94: 93 95 107
95: 82 94 96
96: 83 95 97 109
97: 96
98: 99
99: 98 100 112
100: 87 99 101 113
101: 100 102 114
102: 89 101 103 115
103: 102
104: 105 117
105: 92 104
106: 107
107: 94 106 120
108: 109 121
109: 96 108 110 122
110: 109
111: 112
112: 99 111 125
113: 100
114: 101
115: 102 116 128
116: 115
117: 104
118: 131
119: 132
120: 107
121: 108
122: 109 123
123: 122 124 136
124: 123
125: 112
126: 127
127: 126 128 140
128: 115 127 129 141
129: 128 142
130: 131
131: 118 130 132 144
132: 119 131 133
133: 132
134: 147
135: 136 148
136: 123 135 137 149
137: 136 138 150
138: 137 139 151
139: 138
140: 127 153
141: 128
142: 129 155
143: 144 156
144: 131 143 145 157
145: 144 146 158
146: 145 147
147: 134 146 148 160
148: 135 147
149: 136
150: 137
151: 138 164
152: 153
153: 140 152 154 166
154: 153
155: 142 168
156: 143
157: 144
158: 145
159: 160
160: 147 159 161
161: 160 162
162: 161
163: 164
164: 151 163 165
165: 164
166: 153
167: 168
168: 155 167