169 5

214 314 408 207 406 272 207 472 54 26 72 103 330 446 102 4 465 476 245 162 120 476 289 312 123 219 231 43 258 76 143 111 93 436 293 240 289 132 153 103 495 401 184 220 316 313 119 474 276 305 405 290 412 485 294 210 109 183 89 142 141 88 182 252 452 86 216 169 54 289 324 170 100 121 126 223 189 285 354 378 448 93 321 231 107 111 259 287 33 180 323 376 225 213 174 467 185 439 387 298 220 74 68 198 135 363 273 399 354 238 375 337 228 217 124 75 42 214 209 486 181 429 456 500 67 413 27 25 60 38 278 293 67 177 120 234 385 474 158 253 206 466 131 449 468 463 200 153 177 139 380 185 363 11 348 281 141 99 164 129 345 133 112 218 213 402 29 187 271
0: 1
1: 0 14
2: 3 15
3: 2 4
4: 3
5: 6
6: 5 19
7: 8
8: 7 9 21
9: 8 10 22
10: 9 11 23
11: 10 12 24
12: 11
13: 14
14: 1 13 15 27
15: 2 14 16 28
16: 15
17: 30
18: 31
19: 6 20 32
20: 19
21: 8
22: 9 35
23: 10
24: 11 25 37
25: 24
26: 27 39
27: 14 26 40
28: 15 29
29: 28 30 42
30: 17 29 31 43
31: 18 30 32 44
32: 19 31 33
33: 32
34: 35
35: 22 34 48
36: 37
37: 24 36 38 50
38: 37 51
39: 26
40: 27
41: 42
42: 29 41
43: 30 56
44: 31
45: 58
46: 47 59
47: 46
48: 35 61
49: 62
50: 37
51: 38
52: 65
53: 66
54: 67
55: 56 68
56: 43 55 57
57: 56 58
58: 45 57 59 71
59: 46 58 72
60: 61
61: 48 60 62 74
62: 49 61 63
63: 62 64
64: 63
65: 52 66 78
66: 53 65 67 79
67: 54 66 68
68: 55 67 69 81
69: 68
70: 71
71: 58 70
72: 59 73 85
73: 72 74
74: 61 73 75
75: 74 88
76: 77 89
77: 76
78: 65
79: 66
80: 81
81: 68 80 82 94
82: 81
83: 84 96
84: 83 85 97
85: 72 84 86 98
86: 85
87: 88
88: 75 87 89 101
89: 76 88 90
90: 89
91: 104
92: 93
93: 92 94 106
94: 81 93 95 107
95: 94
96: 83 109
97: 84
98: 85
99: 100
100: 99 101
101: 88 100 102
102: 101 115
103: 116
104: 91 105 117
105: 104
106: 93
107: 94
108: 109
109: 96 108 110
110: 109
111: 124
112: 113
113: 112 126
114: 127
115: 102 116
116: 103 115 129
117: 104 118 130
118: 117 131
119: 132
120: 133
121: 134
122: 135
123: 124
124: 111 123 125 137
125: 124 126
126: 113 125 127 139
127: 114 126 128 140
128: 127 129 141
129: 116 128 142
130: 117
131: 118 132
132: 119 131 133 145
133: 120 132 134
134: 121 133 135 147
135: 122 134
136: 149
137: 124
138: 139 151
139: 126 138
140: 127 153
141: 128
142: 129 155
143: 156
144: 157
145: 132
146: 147 159
147: 134 146 148
148: 147 161
149: 136 150 162
150: 149
151: 138 164
152: 153
153: 140 152 154 166
154: 153
155: 142
156: 143 157
157: 144 156 158
158: 157 159
159: 146 158 160
160: 159
161: 148 162
162: 149 161 163
163: 162 164
164: 151 163
165: 166
166: 153 165 167
167: 166 168
168: 167