169 5

9 471 342 485 154 197 451 366 306 449 482 425 225 164 84 94 483 221 317 369 234 448 458 431 422 66 421 431 389 496 468 399 426 167 169 137 208 75 379 394 397 99 208 250 367 330 196 299 449 246 462 452 121 277 108 95 312 282 274 2 308 265 158 151 234 256 13 395 355 460 494 183 204 400 42 417 226 286 150 444 475 242 296 479 128 418 8 212 197 93 437 250 290 263 410 198 145 233 149 247 151 260 31 135 58 54 388 383 408 142 144 78 386 302 246 86 20 235 53 200 404 3 323 216 486 37 269 323 69 150 332 316 121 95 299 353 340 209 315 209 151 330 417 424 213 338 148 304 234 393 39 140 24 7 155 463 402 481 235 233 276 171 214 41 211 42 269 106 70
0: 1 13
1: 0
2: 15
3: 4
4: 3 5 17
5: 4 6 18
6: 5
7: 8 20
8: 7 9
9: 8
10: 11
11: 10 12
12: 11 25
13: 0 14 26
14: 13 15 27
15: 2 14 16 28
16: 15
17: 4 30
18: 5 19 31
19: 18 20
20: 7 19 33
21: 34
22: 35
23: 36
24: 25
25: 12 24 38
26: 13
27: 14
28: 15 41
29: 42
30: 17
31: 18
32: 33
33: 20 32 34 46
34: 21 33 35 47
35: 22 34 36 48
36: 23 35 37
37: 36 38 50
38: 25 37
39: 52
40: 41
41: 28 40 54
42: 29 43 55
43: 42 44
44: 43
45: 46
46: 33 45 59
47: 34
48: 35
49: 62
50: 37
51: 64
52: 39 65
53: 54 66
54: 41 53 55
55: 42 54 56 68
56: 55
57: 58
58: 57 59
59: 46 58 60 72
60: 59
61: 74
62: 49 63
63: 62 64 76
64: 51 63
65: 52 66 78
66: 53 65 67 79
67: 66
68: 55
69: 82
70: 71
71: 70 72 84
72: 59 71
73: 86
74: 61 75 87
75: 74
76: 63 77 89
77: 76
78: 65 91
79: 66
80: 81
81: 80 82
82: 69 81 95
83: 84
84: 71 83 97
85: 86
86: 73 85 87 99
87: 74 86 88 100
88: 87 89
89: 76 88 90 102
90: 89
91: 78 104
92: 93 105
93: 92
94: 95
95: 82 94 96
96: 95 109
97: 84 110
98: 99 111
99: 86 98
100: 87 113
101: 102
102: 89 101 115
103: 116
104: 91 105
105: 92 104 106 118
106: 105 107
107: 106
108: 121
109: 96 110 122
110: 97 109 111 123
111: 98 110 112
112: 111 125
113: 100
114: 115
115: 102 114 116 128
116: 103 115 129
117: 118 130
118: 105 117 119 131
119: 118 132
120: 121
121: 108 120 122 134
122: 109 121
123: 110
124: 125
125: 112 124 126 138
126: 125
127: 128
128: 115 127 141
129: 116 142
130: 117
131: 118 144
132: 119 133 145
133: 132 134 146
134: 121 133
135: 148
136: 137
137: 136 150
138: 125 151
139: 152
140: 153
141: 128
142: 129
143: 144 156
144: 131 143 157
145: 132
146: 133 147 159
147: 146
148: 135 161
149: 150
150: 137 149 151 163
151: 138 150 152
152: 139 151 153 165
153: 140 152 154 166
154: 153 167
155: 168
156: 143
157: 144
158: 159
159: 146 158
160: 161
161: 148 160 162
162: 161 163
163: 150 162 164
164: 163
165: 152
166: 153
167: 154 168
168: 155 167