169 5

217 130 465 308 313 342 280 312 85 13 146 23 79 252 263 486 294 313 346 457 165 110 172 414 82 242 408 77 51 325 213 33 309 305 96 119 470 9 264 170 215 289 237 274 449 49 100 84 355 73 346 210 263 104 424 86 154 235 134 460 15 474 288 335 61 129 338 83 440 295 256 153 279 228 70 405 336 406 431 444 475 100 366 199 96 174 390 145 218 211 142 101 142 172 173 120 413 139 493 270 303 465 273 382 365 150 100 500 79 159 185 70 36 392 488 320 215 106 187 398 129 385 130 347 403 231 204 293 233 156 306 322 300 70 287 395 239 469 48 370 108 255 494 288 357 217 111 186 457 226 372 98 235 485 34 221 195 307 431 22 33 113 162 371 11 92 281 289 212
0: 1 13
1: 0 2 14
2: 1
3: 4 16
4: 3
5: 6
6: 5 7
7: 6 8
8: 7 9 21
9: 8 10 22
10: 9 11
11: 10 12 24
12: 11 25
13: 0
14: 1 27
15: 28
16: 3 17
17: 16 30
18: 31
19: 20
20: 19 21
21: 8 20 34
22: 9
23: 24
24: 11 23 37
25: 12
26: 27
27: 14 26 28 40
28: 15 27 29 41
29: 28
30: 17 31
31: 18 30 32 44
32: 31 45
33: 34
34: 21 33 35 47
35: 34
36: 37
37: 24 36 38 50
38: 37 51
39: 40
40: 27 39 53
41: 28
42: 55
43: 56
44: 31
45: 32 46 58
46: 45 47
47: 34 46 60
48: 49
49: 48 50 62
50: 37 49
51: 38 64
52: 53 65
53: 40 52 66
54: 55 67
55: 42 54 56
56: 43 55 57 69
57: 56 58
58: 45 57 71
59: 60
60: 47 59 61 73
61: 60
62: 49
63: 64
64: 51 63 77
65: 52
66: 53 67
67: 54 66 68 80
68: 67
69: 56
70: 71
71: 58 70 72 84
72: 71
73: 60 74
74: 73 75 87
75: 74
76: 89
77: 64
78: 91
79: 92
80: 67
81: 82 94
82: 81
83: 84
84: 71 83 85 97
85: 84
86: 87
87: 74 86 88 100
88: 87 89 101
89: 76 88 90 102
90: 89 103
91: 78 92 104
92: 79 91 105
93: 94 106
94: 81 93 95
95: 94 96 108
96: 95
97: 84 110
98: 111
99: 112
100: 87
101: 88
102: 89
103: 90
104: 91
105: 92 106 118
106: 93 105 119
107: 108
108: 95 107 109 121
109: 108 110 122
110: 97 109 111
111: 98 110 112 124
112: 99 111 113 125
113: 112
114: 127
115: 116
116: 115 129
117: 118 130
118: 105 117 131
119: 106
120: 121 133
121: 108 120
122: 109 123 135
123: 122
124: 111
125: 112 126 138
126: 125
127: 114 140
128: 129 141
129: 116 128 142
130: 117 143
131: 118
132: 133
133: 120 132 134 146
134: 133
135: 122
136: 149
137: 138
138: 125 137 139 151
139: 138 140
140: 127 139 141
141: 128 140 154
142: 129
143: 130 156
144: 145
145: 144 146
146: 133 145 159
147: 160
148: 161
149: 136 162
150: 151
151: 138 150 164
152: 165
153: 154
154: 141 153 155 167
155: 154 168
156: 143 157
157: 156
158: 159
159: 146 158 160
160: 147 159 161
161: 148 160 162
162: 149 161
163: 164
164: 151 163 165
165: 152 164 166
166: 165
167: 154
168: 155