169 2

408 178 13 236 405 434 2 212 378 167 144 335 238 374 491 203 139 392 99 164 192 238 475 354 442 317 155 35 363 204 439 266 473 117 483 45 36 266 483 204 39 161 294 461 308 179 175 136 471 176 204 116 304 134 48 120 398 353 209 228 292 285 90 316 180 235 290 280 302 483 292 188 243 185 51 20 482 459 167 477 35 368 275 273 172 349 165 484 325 292 486 452 58 87 404 124 356 155 439 229 12 165 247 123 425 441 43 225 434 2 274 301 66 428 243 418 61 50 206 369 439 462 469 227 300 24 21 59 153 272 98 230 470 476 23 169 375 18 123 128 128 117 261 387 495 136 76 183 491 377 500 432 486 321 201 96 102 125 359 229 148 468 148 3 55 469 32 373 242
0: 1
1: 0 2
2: 1 3 15
3: 2 4
4: 3
5: 6
6: 5 7 19
7: 6
8: 9
9: 8 10
10: 9 11 23
11: 10 12
12: 11 25
13: 26
14: 27
15: 2 16
16: 15 29
17: 18
18: 17 19 31
19: 6 18 20
20: 19 21 33
21: 20
22: 35
23: 10 36
24: 37
25: 12
26: 13 27
27: 14 26 28 40
28: 27
29: 16 30 42
30: 29
31: 18
32: 33
33: 20 32 46
34: 35
35: 22 34 36 48
36: 23 35 37 49
37: 24 36
38: 51
39: 40
40: 27 39 41 53
41: 40
42: 29 43 55
43: 42
44: 45
45: 44 46 58
46: 33 45 47 59
47: 46 60
48: 35
49: 36 50 62
50: 49 51
51: 38 50 64
52: 53
53: 40 52 54 66
54: 53 55 67
55: 42 54 56 68
56: 55
57: 58
58: 45 57 71
59: 46
60: 47
61: 74
62: 49 63 75
63: 62
64: 51 77
65: 66 78
66: 53 65
67: 54 80
68: 55
69: 82
70: 71
71: 58 70 72 84
72: 71 73
73: 72 74 86
74: 61 73 75
75: 62 74 76 88
76: 75
77: 64
78: 65
79: 80
80: 67 79 81 93
81: 80
82: 69 95
83: 84
84: 71 83 97
85: 86
86: 73 85 99
87: 100
88: 75
89: 102
90: 103
91: 92
92: 91 93
93: 80 92 94 106
94: 93 95
95: 82 94 96
96: 95 109
97: 84 98 110
98: 97
99: 86 100 112
100: 87 99 101 113
101: 100 102
102: 89 101 103
103: 90 102 116
104: 117
105: 106
106: 93 105 107 119
107: 106 120
108: 109
109: 96 108 110 122
110: 97 109 123
111: 112
112: 99 111 125
113: 100
114: 127
115: 116
116: 103 115 129
117: 104 118 130
118: 117
119: 106
120: 107
121: 134
122: 109
123: 110
124: 137
125: 112 126 138
126: 125 127 139
127: 114 126 128 140
128: 127
129: 116
130: 117 131 143
131: 130
132: 145
133: 134
134: 121 133 135 147
135: 134 136 148
136: 135 137
137: 124 136 138 150
138: 125 137
139: 126 152
140: 127 141 153
141: 140 154
142: 155
143: 130 156
144: 157
145: 132 146 158
146: 145 147 159
147: 134 146 160
148: 135
149: 162
150: 137 163
151: 164
152: 139
153: 140 166
154: 141 155
155: 142 154 168
156: 143 157
157: 144 156 158
158: 145 157
159: 146
160: 147 161
161: 160
162: 149 163
163: 150 162 164
164: 151 163
165: 166
166: 153 165 167
167: 166
168: 155