169 3

24 21 16 32 52 30 71 3 75 98 12 61 78 52 30 51 23 78 54 22 93 8 95 41 69 67 80 75 58 32 16 68 19 33 37 96 40 17 97 46 43 70 78 98 35 22 8 48 33 88 39 71 25 88 38 52 31 27 59 16 62 2 18 45 81 48 16 28 26 26 6 11 24 48 43 89 56 1 5 44 22 55 33 24 73 21 45 83 23 98 10 81 61 4 28 55 93 54 56 11 1 40 15 82 63 46 16 56 38 71 85 94 64 48 31 37 98 25 54 79 42 12 100 76 92 70 15 18 64 52 18 81 84 62 8 35 20 13 82 21 94 8 66 92 38 1 82 84 66 53 50 85 58 83 27 99 2 59 15 56 92 37 29 60 81 17 83 94 69
0: 1 13
1: 0 2 14
2: 1 3 15
3: 2 4 16
4: 3 5
5: 4 18
6: 7
7: 6 8 20
8: 7 21
9: 10
10: 9 11 23
11: 10 12
12: 11
13: 0
14: 1 27
15: 2
16: 3 29
17: 30
18: 5 19
19: 18 32
20: 7
21: 8 22 34
22: 21
23: 10 36
24: 25 37
25: 24
26: 39
27: 14
28: 29
29: 16 28 30 42
30: 17 29 31 43
31: 30
32: 19 45
33: 34 46
34: 21 33
35: 48
36: 23 37
37: 24 36 38 50
38: 37
39: 26 40 52
40: 39
41: 54
42: 29
43: 30
44: 45
45: 32 44 46
46: 33 45 47 59
47: 46
48: 35 61
49: 62
50: 37 51 63
51: 50
52: 39 65
53: 66
54: 41 67
55: 68
56: 69
57: 70
58: 71
59: 46 60 72
60: 59 61
61: 48 60 62 74
62: 49 61 63 75
63: 50 62
64: 77
65: 52 78
66: 53 67 79
67: 54 66 68 80
68: 55 67 69
69: 56 68 70
70: 57 69 71 83
71: 58 70 72 84
72: 59 71 73 85
73: 72
74: 61
75: 62
76: 77
77: 64 76 90
78: 65 79 91
79: 66 78
80: 67 81 93
81: 80
82: 83
83: 70 82 96
84: 71
85: 72 86
86: 85 99
87: 100
88: 101
89: 90
90: 77 89 103
91: 78
92: 93
93: 80 92 94 106
94: 93 95
95: 94 108
96: 83
97: 98 110
98: 97 99 111
99: 86 98 100 112
100: 87 99 101 113
101: 88 100 102
102: 101 103 115
103: 90 102
104: 117
105: 106 118
106: 93 105 107 119
107: 106
108: 95 109 121
109: 108
110: 97
111: 98
112: 99
113: 100 126
114: 127
115: 102 116
116: 115
117: 104 118 130
118: 105 117
119: 106
120: 121
121: 108 120 122 134
122: 121
123: 136
124: 137
125: 126
126: 113 125 127 139
127: 114 126 128
128: 127 129 141
129: 128
130: 117 131 143
131: 130
132: 145
133: 134
134: 121 133 135 147
135: 134 136 148
136: 123 135 137 149
137: 124 136 138 150
138: 137
139: 126 152
140: 141
141: 128 140 142 154
142: 141
143: 130 156
144: 145
145: 132 144 146 158
146: 145
147: 134
148: 135
149: 136 162
150: 137 151
151: 150
152: 139 165
153: 154
154: 141 153 155 167
155: 154
156: 143 157
157: 156 158
158: 145 157 159
159: 158
160: 161
161: 160 162
162: 149 161 163
163: 162
164: 165
165: 152 164 166
166: 165
167: 154 168
168: 167