169 2

362 360 119 20 274 470 19 49 82 265 307 40 403 287 478 365 213 80 389 243 236 274 241 109 110 188 77 368 271 242 286 444 126 222 285 80 126 334 258 91 139 29 479 305 352 269 139 329 499 30 310 320 35 321 483 337 23 452 124 194 419 27 7 350 375 447 182 82 201 190 122 372 176 363 422 330 27 262 450 327 377 186 150 149 238 355 222 165 67 155 488 153 177 207 430 94 301 138 105 52 255 495 9 411 447 52 317 444 296 197 243 269 394 418 302 275 336 145 164 257 80 206 411 56 102 122 225 179 77 388 211 202 305 430 11 104 210 27 88 402 16 460 396 219 226 483 226 448 397 28 276 345 267 250 47 482 203 180 115 428 106 396 189 478 128 8 29 33 13
0: 13
1: 2
2: 1 3 15
3: 2 4 16
4: 3
5: 6
6: 5 7 19
7: 6 8 20
8: 7 9 21
9: 8
10: 11
11: 10 12 24
12: 11
13: 0 14 26
14: 13
15: 2
16: 3 17 29
17: 16 18 30
18: 17
19: 6 32
20: 7
21: 8
22: 35
23: 24 36
24: 11 23 25 37
25: 24 38
26: 13 27 39
27: 26
28: 29 41
29: 16 28
30: 17
31: 32
32: 19 31 33
33: 32 46
34: 35
35: 22 34 36
36: 23 35 49
37: 24
38: 25 51
39: 26 40 52
40: 39 41
41: 28 40 42 54
42: 41
43: 56
44: 45
45: 44 58
46: 33 47 59
47: 46
48: 61
49: 36 50 62
50: 49
51: 38
52: 39 53 65
53: 52 66
54: 41
55: 56
56: 43 55 57 69
57: 56
58: 45 59 71
59: 46 58 72
60: 61
61: 48 60 62 74
62: 49 61 63 75
63: 62
64: 77
65: 52
66: 53 67
67: 66 68 80
68: 67 81
69: 56 70
70: 69 71 83
71: 58 70
72: 59 73
73: 72
74: 61
75: 62 76
76: 75 77 89
77: 64 76
78: 91
79: 92
80: 67
81: 68 82
82: 81 83 95
83: 70 82 84
84: 83 97
85: 98
86: 87 99
87: 86 88
88: 87 89
89: 76 88 90 102
90: 89
91: 78 92
92: 79 91 93 105
93: 92
94: 95
95: 82 94 96 108
96: 95
97: 84 98
98: 85 97 99 111
99: 86 98 100 112
100: 99
101: 102
102: 89 101 103 115
103: 102
104: 105
105: 92 104 106 118
106: 105
107: 120
108: 95
109: 110
110: 109 123
111: 98 124
112: 99
113: 126
114: 127
115: 102 116 128
116: 115
117: 118 130
118: 105 117 119 131
119: 118 120
120: 107 119 121
121: 120 134
122: 123
123: 110 122 124
124: 111 123 137
125: 126 138
126: 113 125
127: 114 128 140
128: 115 127 129
129: 128 142
130: 117
131: 118 132 144
132: 131
133: 134
134: 121 133 135 147
135: 134 136
136: 135 137 149
137: 124 136 138 150
138: 125 137 151
139: 140
140: 127 139 141 153
141: 140
142: 129
143: 156
144: 131 157
145: 158
146: 159
147: 134
148: 149
149: 136 148 162
150: 137
151: 138
152: 165
153: 140 166
154: 167
155: 168
156: 143 157
157: 144 156 158
158: 145 157 159
159: 146 158 160
160: 159 161
161: 160
162: 149
163: 164
164: 163 165
165: 152 164 166
166: 153 165 167
167: 154 166 168
168: 155 167