169 2

78 42 51 52 88 29 14 48 88 34 59 83 8 56 60 35 38 54 12 4 100 6 24 97 40 15 5 87 61 74 62 54 79 42 97 41 56 18 53 54 68 49 30 4 95 32 13 74 22 42 31 18 62 66 49 19 16 78 4 9 71 52 91 55 100 66 93 84 64 100 1 44 18 16 84 40 87 22 34 96 24 36 70 72 49 10 100 9 79 85 42 11 10 55 47 97 26 59 34 99 60 79 70 48 32 83 76 55 19 32 20 5 20 33 79 6 74 12 82 22 83 10 77 73 69 36 31 39 90 98 77 35 34 75 63 53 19 34 74 97 50 90 37 6 26 24 41 5 90 77 58 42 36 25 62 9 78 80 38 23 26 5 60 96 37 31 26 82 24
0: 1
1: 0 2
2: 1 15
3: 16
4: 5
5: 4 18
6: 7 19
7: 6
8: 21
9: 10 22
10: 9
11: 12
12: 11 25
13: 14 26
14: 13 15
15: 2 14 16 28
16: 3 15 17
17: 16 18
18: 5 17 19 31
19: 6 18 20 32
20: 19 21
21: 8 20 22 34
22: 9 21 23 35
23: 22
24: 25 37
25: 12 24 38
26: 13 27 39
27: 26
28: 15
29: 42
30: 43
31: 18
32: 19
33: 46
34: 21
35: 22 48
36: 37
37: 24 36 50
38: 25
39: 26 52
40: 41
41: 40 42
42: 29 41 43
43: 30 42 44 56
44: 43
45: 58
46: 33 47 59
47: 46 48
48: 35 47 49 61
49: 48 50
50: 37 49 51 63
51: 50 64
52: 39
53: 54 66
54: 53 55
55: 54 56 68
56: 43 55 57
57: 56 70
58: 45 59 71
59: 46 58 60 72
60: 59
61: 48
62: 75
63: 50
64: 51
65: 78
66: 53
67: 80
68: 55
69: 70
70: 57 69 71 83
71: 58 70
72: 59 73 85
73: 72
74: 87
75: 62 88
76: 77
77: 76 90
78: 65 91
79: 92
80: 67 81 93
81: 80 82 94
82: 81
83: 70
84: 85
85: 72 84 98
86: 87
87: 74 86 88 100
88: 75 87
89: 90
90: 77 89 103
91: 78 92 104
92: 79 91 93 105
93: 80 92
94: 81
95: 108
96: 109
97: 110
98: 85 111
99: 112
100: 87 101 113
101: 100
102: 103 115
103: 90 102
104: 91 117
105: 92
106: 119
107: 108
108: 95 107 109 121
109: 96 108 110
110: 97 109 111 123
111: 98 110 112 124
112: 99 111 113 125
113: 100 112 114 126
114: 113 115
115: 102 114 116 128
116: 115
117: 104 118 130
118: 117
119: 106 132
120: 121
121: 108 120 122 134
122: 121
123: 110 136
124: 111
125: 112
126: 113 127 139
127: 126 140
128: 115
129: 142
130: 117 143
131: 144
132: 119 133 145
133: 132
134: 121 147
135: 136
136: 123 135 137 149
137: 136 138 150
138: 137
139: 126
140: 127 153
141: 142
142: 129 141 155
143: 130 144 156
144: 131 143 145 157
145: 132 144 158
146: 147
147: 134 146 148 160
148: 147
149: 136
150: 137
151: 152
152: 151 153
153: 140 152 154 166
154: 153 155
155: 142 154 168
156: 143
157: 144
158: 145 159
159: 158 160
160: 147 159 161
161: 160 162
162: 161
163: 164
164: 163 165
165: 164 166
166: 153 165
167: 168
168: 155 167