169 2

16 6 39 49 88 95 92 12 41 95 79 66 2 38 5 36 78 52 74 84 58 38 57 75 12 43 99 8 100 25 21 38 2 14 26 89 49 31 86 65 77 62 50 41 29 75 20 61 36 29 50 16 30 100 51 37 19 35 46 95 12 94 47 91 27 94 51 31 39 37 49 73 40 67 5 24 10 2 45 24 79 8 38 34 47 8 23 69 56 48 87 35 54 43 93 39 15 88 60 42 64 74 37 56 25 40 86 86 70 37 44 50 85 38 98 21 57 13 48 14 12 39 67 81 33 4 20 32 13 47 46 17 55 53 40 85 67 94 76 87 65 19 31 95 55 13 39 23 63 26 91 96 66 89 63 99 66 92 72 25 22 9 31 41 21 88 73 17 45
0: 1
1: 0 2 14
2: 1 3
3: 2 4
4: 3
5: 18
6: 7
7: 6 8 20
8: 7 9
9: 8
10: 11
11: 10 12
12: 11 25
13: 14
14: 1 13 15 27
15: 14 16
16: 15 29
17: 30
18: 5 31
19: 32
20: 7 33
21: 22 34
22: 21
23: 24
24: 23 25 37
25: 12 24
26: 27
27: 14 26 28 40
28: 27
29: 16 30 42
30: 17 29 31 43
31: 18 30 32
32: 19 31 33 45
33: 20 32 34 46
34: 21 33 35
35: 34
36: 37 49
37: 24 36
38: 51
39: 52
40: 27
41: 42
42: 29 41
43: 30 56
44: 57
45: 32
46: 33 47
47: 46 60
48: 49
49: 36 48 62
50: 51
51: 38 50 64
52: 39 53 65
53: 52
54: 67
55: 56
56: 43 55 57 69
57: 44 56 58
58: 57
59: 60
60: 47 59 73
61: 74
62: 49 75
63: 76
64: 51 77
65: 52 78
66: 67 79
67: 54 66 68
68: 67 81
69: 56 82
70: 83
71: 72
72: 71 85
73: 60 74
74: 61 73 75 87
75: 62 74 76 88
76: 63 75 77 89
77: 64 76 90
78: 65 79 91
79: 66 78 92
80: 81
81: 68 80 82 94
82: 69 81 83
83: 70 82 84 96
84: 83 85
85: 72 84 86 98
86: 85 99
87: 74
88: 75
89: 76 102
90: 77
91: 78 104
92: 79 93
93: 92
94: 81
95: 96
96: 83 95 97 109
97: 96
98: 85
99: 86
100: 113
101: 102
102: 89 101 103 115
103: 102
104: 91 105 117
105: 104
106: 119
107: 120
108: 109
109: 96 108 110 122
110: 109
111: 124
112: 125
113: 100 126
114: 115
115: 102 114 116 128
116: 115
117: 104 118 130
118: 117 119
119: 106 118 120 132
120: 107 119 121 133
121: 120
122: 109
123: 124
124: 111 123 125 137
125: 112 124 126 138
126: 113 125 127 139
127: 126 128
128: 115 127 129 141
129: 128
130: 117 131 143
131: 130
132: 119 145
133: 120
134: 135 147
135: 134
136: 149
137: 124
138: 125
139: 126 152
140: 141
141: 128 140 142 154
142: 141 155
143: 130
144: 145 157
145: 132 144 146 158
146: 145 147
147: 134 146 160
148: 161
149: 136 150 162
150: 149
151: 164
152: 139
153: 154
154: 141 153 167
155: 142
156: 157
157: 144 156
158: 145
159: 160
160: 147 159 161
161: 148 160 162
162: 149 161 163
163: 162 164
164: 151 163 165
165: 164
166: 167
167: 154 166 168
168: 167