144 2

6 43 53 32 20 6 86 20 85 92 95 50 65 32 100 56 94 85 82 3 94 79 70 74 5 73 49 97 24 95 17 79 51 56 84 34 68 3 3 73 56 63 48 14 92 79 46 11 34 8 20 35 9 99 17 78 98 11 25 59 7 25 1 3 85 20 90 54 79 24 49 73 86 90 64 20 13 80 65 57 89 35 53 37 14 21 2 85 90 94 93 65 50 40 65 43 92 20 33 61 49 79 53 55 35 39 69 9 69 43 28 17 10 36 37 27 76 28 13 33 65 96 100 11 94 81 1 51 63 58 52 81 67 77 69 91 37 18 91 7 18 46 52 84
0: 1 12
1: 0 2 13
2: 1 3
3: 2 4 15
4: 3 5 16
5: 4 6 17
6: 5 7
7: 6 8 19
8: 7
9: 21
10: 11
11: 10 23
12: 0 24
13: 1 14
14: 13
15: 3
16: 4
17: 5
18: 19
19: 7 18 20 31
20: 19
21: 9 33
22: 23
23: 11 22 35
24: 12 36
25: 37
26: 38
27: 28
28: 27 40
29: 30
30: 29 42
31: 19 32 43
32: 31 33
33: 21 32
34: 35
35: 23 34 47
36: 24 37
37: 25 36 38 49
38: 26 37 39 50
39: 38
40: 28 52
41: 42
42: 30 41 43 54
43: 31 42 44 55
44: 43
45: 57
46: 47 58
47: 35 46 59
48: 60
49: 37
50: 38 62
51: 52 63
52: 40 51 53
53: 52
54: 42 66
55: 43
56: 57
57: 45 56 58 69
58: 46 57
59: 47
60: 48 61 72
61: 60 62
62: 50 61 63 74
63: 51 62 64 75
64: 63
65: 77
66: 54
67: 79
68: 69
69: 57 68 70 81
70: 69
71: 83
72: 60
73: 85
74: 62 86
75: 63 76
76: 75 77 88
77: 65 76
78: 79
79: 67 78 91
80: 81
81: 69 80 82 93
82: 81
83: 71 95
84: 85 96
85: 73 84 86 97
86: 74 85 87 98
87: 86
88: 76
89: 101
90: 102
91: 79 92
92: 91 104
93: 81 94 105
94: 93
95: 83 107
96: 84
97: 85 109
98: 86 110
99: 111
100: 112
101: 89 113
102: 90 114
103: 104 115
104: 92 103 105
105: 93 104 117
106: 107
107: 95 106 119
108: 109 120
109: 97 108 121
110: 98 111
111: 99 110 112 123
112: 100 111 113 124
113: 101 112 114
114: 102 113 115 126
115: 103 114 116
116: 115
117: 105 118 129
118: 117 119 130
119: 107 118 131
120: 108 132
121: 109
122: 123
123: 111 122 135
124: 112
125: 126 137
126: 114 125 127 138
127: 126 139
128: 140
129: 117
130: 118
131: 119
132: 120 133
133: 132 134
134: 133
135: 123
136: 137
137: 125 136
138: 126
139: 127 140
140: 128 139 141
141: 140 142
142: 141 143
143: 142