144 2

325 466 358 89 385 290 145 333 494 23 305 202 389 34 368 100 62 114 476 179 9 144 438 8 154 401 231 181 415 488 358 45 300 27 119 415 480 422 447 75 478 292 201 288 292 352 239 168 16 22 134 496 427 463 299 395 369 20 420 220 286 420 68 77 183 449 324 44 367 61 418 394 381 396 301 7 292 382 220 183 168 352 449 408 57 469 6 121 467 149 162 369 364 115 150 131 450 51 491 350 41 493 40 357 375 99 21 352 276 261 267 300 249 324 243 173 386 91 38 489 282 144 418 481 226 110 164 197 448 111 483 103 236 447 429 459 472 449 288 468 53 225 196 397
0: 12
1: 13
2: 3
3: 2 15
4: 16
5: 6 17
6: 5 7
7: 6 19
8: 20
9: 10 21
10: 9 11
11: 10 23
12: 0 13 24
13: 1 12 14 25
14: 13 15
15: 3 14 16 27
16: 4 15 17 28
17: 5 16 18 29
18: 17
19: 7 20 31
20: 8 19 21 32
21: 9 20 33
22: 23
23: 11 22 35
24: 12
25: 13
26: 27
27: 15 26 39
28: 16
29: 17
30: 31
31: 19 30 43
32: 20
33: 21 34 45
34: 33 46
35: 23
36: 48
37: 49
38: 39
39: 27 38 40 51
40: 39
41: 42 53
42: 41 43 54
43: 31 42 44
44: 43
45: 33 57
46: 34 47
47: 46 59
48: 36 49 60
49: 37 48 50 61
50: 49 62
51: 39
52: 64
53: 41
54: 42
55: 67
56: 57
57: 45 56 58 69
58: 57
59: 47 71
60: 48
61: 49
62: 50 63
63: 62 64 75
64: 52 63 65
65: 64
66: 67
67: 55 66 68 79
68: 67 69
69: 57 68 70 81
70: 69
71: 59
72: 84
73: 74
74: 73 86
75: 63 76 87
76: 75
77: 89
78: 79 90
79: 67 78 80
80: 79
81: 69 93
82: 94
83: 95
84: 72 96
85: 86 97
86: 74 85 87 98
87: 75 86 99
88: 100
89: 77 90
90: 78 89 91 102
91: 90
92: 93
93: 81 92 105
94: 82 95 106
95: 83 94
96: 84 97
97: 85 96 109
98: 86
99: 87 100
100: 88 99 112
101: 102
102: 90 101 103 114
103: 102
104: 105
105: 93 104 106
106: 94 105 107 118
107: 106
108: 109
109: 97 108 110 121
110: 109
111: 112
112: 100 111 124
113: 125
114: 102 126
115: 127
116: 117
117: 116 118 129
118: 106 117 119 130
119: 118
120: 121 132
121: 109 120 122 133
122: 121 134
123: 124
124: 112 123 125 136
125: 113 124 126 137
126: 114 125 127 138
127: 115 126
128: 140
129: 117 141
130: 118 131
131: 130 143
132: 120
133: 121
134: 122 135
135: 134
136: 124
137: 125
138: 126
139: 140
140: 128 139 141
141: 129 140 142
142: 141
143: 131