144 5

190 27 461 82 354 157 231 67 461 26 136 489 498 176 54 399 239 390 53 77 286 223 133 18 363 62 43 278 263 99 207 271 365 109 74 355 404 226 4 345 13 184 151 134 465 245 477 51 318 451 127 43 222 313 355 34 242 15 62 356 356 216 314 171 320 467 279 140 198 467 220 138 295 180 363 59 299 442 123 271 14 62 488 473 203 376 272 481 150 385 156 468 3 495 151 211 334 449 146 468 89 212 267 196 282 140 57 73 350 371 180 106 165 376 73 238 164 268 219 187 335 479 320 436 70 146 267 425 146 91 103 387 35 34 369 357 478 171 490 205 215 342 386 403
0: 1
1: 0 2 13
2: 1
3: 4 15
4: 3
5: 6
6: 5 18
7: 19
8: 9
9: 8 10 21
10: 9 22
11: 23
12: 13
13: 1 12 14
14: 13 15 26
15: 3 14
16: 28
17: 18
18: 6 17 19 30
19: 7 18 20 31
20: 19
21: 9
22: 10 23 34
23: 11 22 35
24: 25
25: 24 26
26: 14 25 27 38
27: 26
28: 16 40
29: 30 41
30: 18 29
31: 19
32: 33
33: 32 34 45
34: 22 33
35: 23 47
36: 37
37: 36 38
38: 26 37 39 50
39: 38
40: 28 41 52
41: 29 40 42 53
42: 41 43
43: 42 44 55
44: 43
45: 33 57
46: 47
47: 35 46 59
48: 60
49: 50
50: 38 49 51 62
51: 50 52 63
52: 40 51
53: 41
54: 55
55: 43 54 56 67
56: 55 57
57: 45 56 58 69
58: 57 70
59: 47
60: 48 61
61: 60 62 73
62: 50 61
63: 51 64 75
64: 63
65: 66
66: 65 78
67: 55 68
68: 67 80
69: 57
70: 58 71
71: 70 83
72: 73 84
73: 61 72 85
74: 75
75: 63 74 76 87
76: 75
77: 78
78: 66 77 79 90
79: 78 80
80: 68 79 81 92
81: 80 82
82: 81
83: 71
84: 72 96
85: 73
86: 98
87: 75
88: 89 100
89: 88
90: 78
91: 92
92: 80 91 93 104
93: 92
94: 106
95: 107
96: 84 108
97: 98
98: 86 97 110
99: 100
100: 88 99 101 112
101: 100
102: 114
103: 115
104: 92 105
105: 104 106
106: 94 105 107 118
107: 95 106 119
108: 96 120
109: 110
110: 98 109 111 122
111: 110 112
112: 100 111 124
113: 114
114: 102 113 115 126
115: 103 114 116
116: 115 128
117: 129
118: 106 130
119: 107
120: 108 132
121: 133
122: 110
123: 124
124: 112 123 125 136
125: 124 126 137
126: 114 125
127: 128
128: 116 127 129 140
129: 117 128 130 141
130: 118 129 131 142
131: 130
132: 120 133
133: 121 132 134
134: 133 135
135: 134
136: 124
137: 125 138
138: 137
139: 140
140: 128 139
141: 129
142: 130 143
143: 142