144 2

359 412 44 380 46 138 307 225 268 358 215 246 66 298 140 122 499 450 497 218 381 376 484 469 168 201 278 276 421 209 362 375 238 161 358 448 270 294 142 456 141 139 180 56 215 322 349 404 461 89 495 283 304 242 143 19 376 302 137 435 39 403 113 379 19 386 296 419 143 493 244 290 137 96 138 139 55 3 219 157 472 429 483 403 317 69 367 4 420 338 140 177 356 223 112 370 265 332 120 90 324 55 263 127 444 482 168 75 331 54 112 449 458 64 289 267 194 166 201 380 381 321 429 348 16 213 175 355 359 170 386 300 160 394 393 207 469 492 158 117 311 304 292 59
0: 12
1: 2
2: 1 3 14
3: 2 4
4: 3 5 16
5: 4 6 17
6: 5 7
7: 6 8 19
8: 7 9
9: 8 10
10: 9 11 22
11: 10 23
12: 0 13 24
13: 12 14
14: 2 13 15 26
15: 14 27
16: 4
17: 5
18: 19
19: 7 18 20
20: 19
21: 33
22: 10
23: 11
24: 12 25 36
25: 24
26: 14 38
27: 15
28: 40
29: 41
30: 42
31: 43
32: 33 44
33: 21 32 34 45
34: 33 35
35: 34
36: 24
37: 38 49
38: 26 37
39: 40
40: 28 39 41 52
41: 29 40 42 53
42: 30 41 43
43: 31 42 44 55
44: 32 43
45: 33 57
46: 47 58
47: 46
48: 60
49: 37 50 61
50: 49
51: 52
52: 40 51 64
53: 41
54: 55 66
55: 43 54 56 67
56: 55 68
57: 45 58
58: 46 57 59 70
59: 58
60: 48 61 72
61: 49 60
62: 74
63: 64
64: 52 63 76
65: 77
66: 54
67: 55
68: 56 69 80
69: 68
70: 58 71
71: 70 83
72: 60 73
73: 72 74 85
74: 62 73 75
75: 74 76 87
76: 64 75 77
77: 65 76 78 89
78: 77 90
79: 91
80: 68
81: 93
82: 94
83: 71
84: 85 96
85: 73 84
86: 87
87: 75 86 88 99
88: 87
89: 77
90: 78 91
91: 79 90 92 103
92: 91
93: 81 94
94: 82 93 106
95: 107
96: 84
97: 109
98: 99 110
99: 87 98 111
100: 101
101: 100 102 113
102: 101 103
103: 91 102 104 115
104: 103
105: 117
106: 94 107 118
107: 95 106 119
108: 109
109: 97 108 110 121
110: 98 109 122
111: 99
112: 124
113: 101 114 125
114: 113
115: 103 116
116: 115 117
117: 105 116 118 129
118: 106 117
119: 107
120: 121 132
121: 109 120
122: 110
123: 124 135
124: 112 123 125 136
125: 113 124 126
126: 125 138
127: 139
128: 129
129: 117 128 130 141
130: 129
131: 143
132: 120 133
133: 132
134: 135
135: 123 134
136: 124
137: 138
138: 126 137 139
139: 127 138 140
140: 139
141: 129 142
142: 141 143
143: 131 142