144 3

166 355 257 411 271 494 102 257 55 327 288 434 246 199 306 115 308 437 123 242 388 126 105 356 128 52 358 210 165 192 384 76 489 11 244 92 377 304 415 265 302 356 479 332 417 372 97 133 162 5 160 37 317 381 112 60 338 401 373 89 1 68 147 348 445 137 247 214 30 7 144 286 84 48 456 41 238 366 155 457 469 356 481 466 200 453 194 58 92 340 47 186 491 456 376 269 40 311 233 149 170 362 103 215 163 151 45 268 493 243 482 285 202 314 243 259 17 440 374 235 323 161 20 34 211 425 140 293 375 2 37 98 196 130 393 380 334 153 131 450 126 114 127 473
0: 1 12
1: 0
2: 14
3: 15
4: 16
5: 6
6: 5 7 18
7: 6 8
8: 7 9 20
9: 8
10: 11 22
11: 10
12: 0 24
13: 25
14: 2 15
15: 3 14 16 27
16: 4 15
17: 18
18: 6 17 19
19: 18 31
20: 8
21: 22 33
22: 10 21
23: 35
24: 12 25 36
25: 13 24 26 37
26: 25
27: 15 28 39
28: 27 29 40
29: 28 41
30: 31
31: 19 30 43
32: 33
33: 21 32 34 45
34: 33 35
35: 23 34 47
36: 24
37: 25 49
38: 50
39: 27 51
40: 28
41: 29
42: 54
43: 31 44 55
44: 43
45: 33
46: 47
47: 35 46 59
48: 60
49: 37 50 61
50: 38 49 51
51: 39 50 52 63
52: 51
53: 54
54: 42 53 55 66
55: 43 54 67
56: 68
57: 69
58: 59
59: 47 58 71
60: 48 61 72
61: 49 60 62 73
62: 61
63: 51 75
64: 65
65: 64 66 77
66: 54 65 78
67: 55 68
68: 56 67 69 80
69: 57 68 70 81
70: 69 71 82
71: 59 70
72: 60 84
73: 61 85
74: 75
75: 63 74 76 87
76: 75
77: 65
78: 66 79 90
79: 78
80: 68
81: 69
82: 70
83: 95
84: 72 96
85: 73
86: 87
87: 75 86 88 99
88: 87 89 100
89: 88 90
90: 78 89 91 102
91: 90
92: 104
93: 105
94: 106
95: 83 107
96: 84 97 108
97: 96
98: 99
99: 87 98
100: 88 112
101: 102
102: 90 101 103 114
103: 102 104
104: 92 103 105 116
105: 93 104 106
106: 94 105 107
107: 95 106
108: 96
109: 121
110: 122
111: 123
112: 100 113 124
113: 112
114: 102 126
115: 116
116: 104 115 128
117: 129
118: 130
119: 131
120: 121
121: 109 120 122 133
122: 110 121 123 134
123: 111 122 124 135
124: 112 123
125: 126
126: 114 125 127 138
127: 126
128: 116 129
129: 117 128 130 141
130: 118 129 131 142
131: 119 130 143
132: 133
133: 121 132
134: 122
135: 123
136: 137
137: 136 138
138: 126 137
139: 140
140: 139 141
141: 129 140
142: 130
143: 131