144 3

74 15 92 88 7 85 43 81 24 57 61 91 92 94 66 9 13 10 53 81 26 48 36 63 21 90 26 93 38 56 42 57 29 82 14 15 62 95 70 30 95 27 92 77 33 90 61 27 100 18 9 97 29 2 47 9 55 69 38 1 71 20 35 39 96 37 82 31 15 29 36 15 73 86 39 55 21 90 14 76 19 90 86 88 21 36 73 38 68 51 48 15 7 49 56 54 52 68 44 22 40 65 41 3 51 83 18 10 7 82 10 39 5 11 29 24 43 50 50 47 3 32 15 39 78 88 4 96 2 58 53 40 28 41 22 96 45 33 96 37 78 87 41 97
0: 1
1: 0 2 13
2: 1 14
3: 4
4: 3 5 16
5: 4
6: 18
7: 8
8: 7 9 20
9: 8
10: 11 22
11: 10
12: 24
13: 1
14: 2 15 26
15: 14 16 27
16: 4 15 17 28
17: 16 18 29
18: 6 17 30
19: 20
20: 8 19 21 32
21: 20 22
22: 10 21 34
23: 35
24: 12 25 36
25: 24 26
26: 14 25
27: 15
28: 16
29: 17 41
30: 18
31: 32
32: 20 31 44
33: 34
34: 22 33 35 46
35: 23 34 47
36: 24
37: 49
38: 39 50
39: 38
40: 41
41: 29 40 42 53
42: 41
43: 55
44: 32 45
45: 44
46: 34
47: 35 59
48: 49
49: 37 48 50 61
50: 38 49 51 62
51: 50
52: 53
53: 41 52 54 65
54: 53 55
55: 43 54 56 67
56: 55
57: 69
58: 59
59: 47 58 71
60: 61
61: 49 60 73
62: 50 63 74
63: 62 75
64: 76
65: 53
66: 78
67: 55 68
68: 67 69 80
69: 57 68 70
70: 69 71 82
71: 59 70 83
72: 84
73: 61
74: 62
75: 63 76 87
76: 64 75 88
77: 78
78: 66 77 79 90
79: 78
80: 68 81 92
81: 80
82: 70
83: 71
84: 72 85 96
85: 84 86 97
86: 85
87: 75 99
88: 76
89: 90
90: 78 89 91
91: 90 92 103
92: 80 91 93
93: 92
94: 106
95: 107
96: 84 108
97: 85
98: 110
99: 87 111
100: 112
101: 113
102: 103
103: 91 102 104 115
104: 103
105: 106
106: 94 105 107 118
107: 95 106 119
108: 96 109 120
109: 108
110: 98 111 122
111: 99 110 112
112: 100 111 113 124
113: 101 112 114
114: 113 115 126
115: 103 114 116
116: 115 117 128
117: 116 118
118: 106 117
119: 107 131
120: 108 121 132
121: 120 122
122: 110 121 123 134
123: 122
124: 112
125: 126 137
126: 114 125 138
127: 128
128: 116 127 129 140
129: 128
130: 131 142
131: 119 130 143
132: 120
133: 134
134: 122 133 135
135: 134
136: 137
137: 125 136
138: 126
139: 140
140: 128 139
141: 142
142: 130 141
143: 131