121 3

27 82 52 58 3 18 45 40 24 23 55 96 38 53 88 52 82 76 56 25 53 44 86 80 95 41 48 21 68 58 68 68 6 98 92 90 70 86 25 85 21 98 55 14 24 41 56 33 28 77 51 68 74 83 36 81 73 29 49 7 99 56 15 45 92 44 50 100 33 14 40 72 15 23 43 17 90 68 86 13 74 1 71 75 53 18 36 89 63 55 65 70 95 2 2 17 4 64 42 36 25 95 43 28 46 61 52 37 61 27 52 49 14 86 67 56 61 2 68 48 56
0: 1 11
1: 0 2 12
2: 1 3
3: 2 4
4: 3 5 15
5: 4 6 16
6: 5 7 17
7: 6 8
8: 7 9 19
9: 8 10 20
10: 9 21
11: 0
12: 1 13 23
13: 12
14: 25
15: 4
16: 5 27
17: 6
18: 19
19: 8 18 30
20: 9
21: 10 32
22: 23
23: 12 22
24: 25
25: 14 24 26
26: 25 27
27: 16 26 28 38
28: 27
29: 40
30: 19
31: 32
32: 21 31 43
33: 44
34: 45
35: 46
36: 47
37: 38
38: 27 37 39 49
39: 38 40 50
40: 29 39 41 51
41: 40
42: 43
43: 32 42 54
44: 33 45 55
45: 34 44 46
46: 35 45 57
47: 36 48
48: 47 59
49: 38
50: 39
51: 40 62
52: 63
53: 54
54: 43 53 65
55: 44 66
56: 57
57: 46 56 58
58: 57 59 69
59: 48 58 60 70
60: 59
61: 62 72
62: 51 61 63 73
63: 52 62
64: 75
65: 54
66: 55 77
67: 68
68: 67 79
69: 58
70: 59 81
71: 72
72: 61 71 83
73: 62
74: 75 85
75: 64 74 76 86
76: 75
77: 66
78: 79
79: 68 78 80 90
80: 79 81
81: 70 80 82 92
82: 81 93
83: 72 94
84: 95
85: 74 96
86: 75 87
87: 86
88: 99
89: 100
90: 79
91: 102
92: 81 103
93: 82 94 104
94: 83 93 95 105
95: 84 94 96 106
96: 85 95 97 107
97: 96
98: 109
99: 88 100 110
100: 89 99 101
101: 100 102 112
102: 91 101 103
103: 92 102 114
104: 93 115
105: 94
106: 95 117
107: 96 108
108: 107 109 119
109: 98 108 120
110: 99
111: 112
112: 101 111 113
113: 112
114: 103
115: 104
116: 117
117: 106 116 118
118: 117
119: 108
120: 109