121 5

255 489 44 364 145 51 74 460 90 107 312 411 330 384 120 98 348 484 411 493 486 88 426 453 217 187 219 176 312 99 478 411 476 440 259 487 152 256 472 4 177 93 182 180 477 14 410 354 121 332 266 64 404 27 206 471 466 454 244 189 335 381 131 259 131 265 349 184 118 281 381 201 50 302 191 163 405 233 69 480 46 345 221 335 213 267 467 23 216 58 466 221 436 287 295 146 289 203 25 406 148 434 391 125 216 294 421 277 240 93 455 133 359 313 405 111 48 392 391 352 376
0: 1 11
1: 0 2 12
2: 1 3 13
3: 2 14
4: 5 15
5: 4 6 16
6: 5 7 17
7: 6 8
8: 7 9 19
9: 8 10
10: 9 21
11: 0 22
12: 1
13: 2
14: 3 15 25
15: 4 14 26
16: 5 27
17: 6
18: 29
19: 8
20: 21
21: 10 20 32
22: 11
23: 24
24: 23 25
25: 14 24 36
26: 15
27: 16 28
28: 27 29 39
29: 18 28
30: 41
31: 42
32: 21 43
33: 34
34: 33 45
35: 36
36: 25 35 37
37: 36 48
38: 39
39: 28 38 40 50
40: 39 41 51
41: 30 40
42: 31 53
43: 32
44: 45
45: 34 44 46 56
46: 45
47: 48
48: 37 47 49 59
49: 48
50: 39
51: 40 52 62
52: 51 53
53: 42 52 54 64
54: 53
55: 66
56: 45 67
57: 68
58: 59
59: 48 58 60 70
60: 59
61: 62 72
62: 51 61 63
63: 62
64: 53 65 75
65: 64
66: 55 67
67: 56 66 68 78
68: 57 67
69: 80
70: 59
71: 72 82
72: 61 71 73 83
73: 72
74: 75 85
75: 64 74 76
76: 75 87
77: 78
78: 67 77 79 89
79: 78 80
80: 69 79 81 91
81: 80 82
82: 71 81 93
83: 72
84: 95
85: 74
86: 87
87: 76 86 98
88: 89
89: 78 88 90 100
90: 89
91: 80
92: 103
93: 82 104
94: 95
95: 84 94 96 106
96: 95 97
97: 96 98
98: 87 97 109
99: 100
100: 89 99 101 111
101: 100
102: 103 113
103: 92 102 104
104: 93 103 115
105: 116
106: 95
107: 108 118
108: 107 109 119
109: 98 108 120
110: 111
111: 100 110 112
112: 111
113: 102
114: 115
115: 104 114 116
116: 105 115 117
117: 116
118: 107
119: 108
120: 109