121 2

48 74 66 6 82 30 40 11 18 14 84 75 49 59 77 76 14 29 100 76 2 29 23 92 70 40 97 89 59 40 88 94 36 47 66 9 24 42 72 46 90 81 31 66 13 59 2 49 27 7 95 92 2 26 24 52 95 42 62 39 69 32 44 88 52 57 42 44 98 30 93 97 88 5 58 10 39 10 71 92 40 43 16 60 28 31 32 4 46 14 82 61 88 76 96 67 7 94 44 93 11 84 98 26 28 5 95 11 44 56 38 85 64 30 15 82 28 16 30 54 38
0: 1 11
1: 0 12
2: 3
3: 2 4 14
4: 3 5
5: 4 16
6: 7 17
7: 6 8 18
8: 7 9
9: 8 10 20
10: 9
11: 0 22
12: 1 13
13: 12
14: 3
15: 16
16: 5 15 17 27
17: 6 16 28
18: 7 29
19: 20
20: 9 19 21 31
21: 20 32
22: 11 23 33
23: 22
24: 35
25: 26 36
26: 25
27: 16
28: 17 39
29: 18 30 40
30: 29
31: 20 42
32: 21
33: 22 44
34: 35
35: 24 34 36 46
36: 25 35 37
37: 36 48
38: 49
39: 28
40: 29
41: 52
42: 31 53
43: 54
44: 33 45 55
45: 44 46
46: 35 45 47 57
47: 46
48: 37 49 59
49: 38 48 50 60
50: 49 61
51: 52
52: 41 51 53 63
53: 42 52 54 64
54: 43 53 65
55: 44 66
56: 57
57: 46 56
58: 59 69
59: 48 58
60: 49
61: 50 62
62: 61 73
63: 52
64: 53 75
65: 54
66: 55 67 77
67: 66
68: 69
69: 58 68 70 80
70: 69
71: 82
72: 73
73: 62 72 74 84
74: 73 75
75: 64 74 76
76: 75 87
77: 66 78 88
78: 77 89
79: 80
80: 69 79 91
81: 82
82: 71 81 83 93
83: 82 84
84: 73 83 85
85: 84 96
86: 87
87: 76 86 98
88: 77
89: 78 90 100
90: 89
91: 80
92: 103
93: 82
94: 105
95: 96
96: 85 95 97 107
97: 96
98: 87
99: 100 110
100: 89 99 101 111
101: 100
102: 103
103: 92 102 104 114
104: 103 105
105: 94 104 106 116
106: 105 107 117
107: 96 106 108 118
108: 107
109: 120
110: 99
111: 100
112: 113
113: 112 114
114: 103 113 115
115: 114
116: 105
117: 106
118: 107 119
119: 118 120
120: 109 119