121 3

67 447 371 316 491 137 235 53 245 208 404 152 49 346 258 284 458 333 300 391 177 367 482 120 383 221 24 23 440 446 170 106 311 237 240 397 10 405 266 419 359 334 41 75 313 425 416 286 362 167 263 349 261 160 465 282 144 67 302 151 415 93 452 182 25 442 199 221 110 391 343 198 88 102 128 372 67 261 251 195 189 301 176 491 51 217 379 230 16 346 468 402 34 388 495 304 434 57 43 392 466 389 414 428 486 225 68 442 450 44 335 185 212 93 109 282 269 274 229 185 27
0: 1
1: 0 12
2: 3
3: 2 14
4: 5
5: 4 6 16
6: 5 7 17
7: 6 8 18
8: 7
9: 10 20
10: 9
11: 12
12: 1 11 13 23
13: 12
14: 3 25
15: 26
16: 5 27
17: 6
18: 7
19: 30
20: 9 21 31
21: 20
22: 23 33
23: 12 22 24 34
24: 23 25
25: 14 24 26 36
26: 15 25 27
27: 16 26 28 38
28: 27
29: 30
30: 19 29 31
31: 20 30 42
32: 43
33: 22 44
34: 23
35: 36
36: 25 35 37 47
37: 36
38: 27 49
39: 50
40: 41
41: 40 42
42: 31 41 43 53
43: 32 42 54
44: 33
45: 56
46: 57
47: 36
48: 49 59
49: 38 48
50: 39 61
51: 52
52: 51 53
53: 42 52 64
54: 43
55: 56 66
56: 45 55 57
57: 46 56 58 68
58: 57 59
59: 48 58 60 70
60: 59 61
61: 50 60 62 72
62: 61
63: 64 74
64: 53 63 65 75
65: 64 76
66: 55 77
67: 68
68: 57 67 69 79
69: 68 80
70: 59
71: 72 82
72: 61 71 73
73: 72 74 84
74: 63 73
75: 64
76: 65 87
77: 66 88
78: 79
79: 68 78 90
80: 69
81: 82 92
82: 71 81
83: 84
84: 73 83 85 95
85: 84
86: 97
87: 76 98
88: 77 89 99
89: 88
90: 79
91: 92
92: 81 91 93 103
93: 92
94: 105
95: 84 106
96: 97
97: 86 96 98
98: 87 97 109
99: 88
100: 111
101: 112
102: 113
103: 92 114
104: 105
105: 94 104 106 116
106: 95 105 107 117
107: 106
108: 109
109: 98 108 120
110: 111
111: 100 110 112
112: 101 111 113
113: 102 112 114
114: 103 113 115
115: 114
116: 105
117: 106
118: 119
119: 118 120
120: 109 119