121 5

175 199 306 134 493 401 429 209 402 200 270 259 40 15 255 14 166 300 347 239 17 151 200 280 392 122 219 455 353 63 341 459 34 201 118 298 397 303 357 110 140 163 89 118 103 420 82 390 231 48 470 299 96 473 211 411 80 357 338 215 296 206 153 62 118 388 200 378 119 214 462 25 352 423 122 50 398 145 138 118 170 107 322 387 216 393 283 37 319 9 285 179 485 446 157 427 85 107 424 200 74 77 114 367 341 80 498 275 176 495 400 480 52 81 490 113 301 373 225 464 156
0: 1
1: 0 12
2: 3 13
3: 2
4: 15
5: 16
6: 7
7: 6 8
8: 7 9
9: 8 20
10: 21
11: 12 22
12: 1 11 13 23
13: 2 12 14 24
14: 13 15 25
15: 4 14 16 26
16: 5 15 17 27
17: 16
18: 29
19: 20
20: 9 19 21 31
21: 10 20 32
22: 11
23: 12 34
24: 13
25: 14 36
26: 15 37
27: 16
28: 29 39
29: 18 28 30 40
30: 29
31: 20 42
32: 21 43
33: 34 44
34: 23 33
35: 46
36: 25
37: 26
38: 39 49
39: 28 38
40: 29 41
41: 40 42 52
42: 31 41 53
43: 32 54
44: 33 45
45: 44 46 56
46: 35 45 47
47: 46
48: 49 59
49: 38 48 50 60
50: 49
51: 52
52: 41 51 63
53: 42
54: 43
55: 56
56: 45 55 57 67
57: 56 68
58: 69
59: 48
60: 49 71
61: 62
62: 61 63
63: 52 62 64
64: 63 65 75
65: 64
66: 77
67: 56
68: 57 69 79
69: 58 68
70: 71 81
71: 60 70 72 82
72: 71
73: 74 84
74: 73 75
75: 64 74 76
76: 75 87
77: 66 78
78: 77 79 89
79: 68 78 80
80: 79 81
81: 70 80 92
82: 71
83: 94
84: 73
85: 96
86: 87 97
87: 76 86 98
88: 89
89: 78 88 90 100
90: 89
91: 102
92: 81
93: 94
94: 83 93 105
95: 96
96: 85 95 97 107
97: 86 96 108
98: 87
99: 100 110
100: 89 99 101
101: 100 102 112
102: 91 101 103
103: 102
104: 105 115
105: 94 104 106 116
106: 105
107: 96 118
108: 97 109
109: 108 120
110: 99
111: 112
112: 101 111 113
113: 112 114
114: 113 115
115: 104 114
116: 105
117: 118
118: 107 117
119: 120
120: 109 119