121 5

99 83 35 31 54 23 92 33 7 5 92 69 71 78 19 14 34 28 69 99 41 13 45 60 16 43 76 21 17 16 65 41 91 58 42 81 75 48 79 10 67 70 100 55 72 15 9 30 68 66 60 57 43 98 82 96 91 94 9 29 91 27 15 83 9 11 59 90 84 35 59 100 20 44 23 69 61 12 60 94 97 42 2 42 19 15 34 83 70 61 46 63 94 37 8 45 79 90 85 22 71 1 70 68 31 63 4 54 42 69 59 42 90 13 96 48 61 17 42 92 28
0: 11
1: 2
2: 1 3
3: 2 14
4: 5 15
5: 4 6
6: 5 7
7: 6 8
8: 7 9 19
9: 8 10 20
10: 9 21
11: 0 22
12: 23
13: 14 24
14: 3 13 15
15: 4 14 16 26
16: 15 27
17: 28
18: 29
19: 8
20: 9 31
21: 10 32
22: 11 23
23: 12 22 24
24: 13 23 25 35
25: 24
26: 15 37
27: 16 28
28: 17 27 29 39
29: 18 28 30
30: 29
31: 20 42
32: 21 43
33: 34
34: 33 45
35: 24 46
36: 47
37: 26
38: 39
39: 28 38 40 50
40: 39
41: 52
42: 31
43: 32
44: 45
45: 34 44 46 56
46: 35 45 47 57
47: 36 46 58
48: 59
49: 50
50: 39 49 61
51: 52 62
52: 41 51
53: 64
54: 65
55: 66
56: 45
57: 46
58: 47 59 69
59: 48 58 70
60: 61
61: 50 60 62 72
62: 51 61 63 73
63: 62 64
64: 53 63 65 75
65: 54 64 76
66: 55 67 77
67: 66
68: 69
69: 58 68 80
70: 59
71: 82
72: 61
73: 62 84
74: 85
75: 64
76: 65
77: 66 78 88
78: 77
79: 90
80: 69
81: 82
82: 71 81 83 93
83: 82 84 94
84: 73 83 85
85: 74 84 86 96
86: 85 87 97
87: 86
88: 77 99
89: 90
90: 79 89 91 101
91: 90
92: 93
93: 82 92 104
94: 83 95
95: 94 106
96: 85
97: 86 108
98: 109
99: 88 100 110
100: 99 101 111
101: 90 100 102 112
102: 101 113
103: 104
104: 93 103 115
105: 106
106: 95 105 107 117
107: 106
108: 97 109
109: 98 108 120
110: 99
111: 100
112: 101
113: 102 114
114: 113 115
115: 104 114
116: 117
117: 106 116 118
118: 117
119: 120
120: 109 119