121 3

139 186 84 229 180 372 407 459 190 217 362 289 250 295 346 236 485 404 394 357 230 372 366 65 391 87 376 186 376 352 397 307 442 348 388 445 57 384 223 115 436 299 31 222 38 464 336 390 473 214 39 370 458 385 294 108 279 426 414 61 107 216 131 91 179 92 381 21 453 421 339 118 455 441 20 417 342 439 353 110 123 32 499 95 61 126 286 366 327 34 252 119 132 48 397 49 69 282 17 143 278 370 231 378 35 260 423 362 498 458 352 212 473 455 351 341 23 348 437 357 18
0: 1 11
1: 0 2 12
2: 1 3 13
3: 2 4
4: 3 5 15
5: 4 6
6: 5
7: 8
8: 7 9 19
9: 8 10 20
10: 9
11: 0
12: 1 23
13: 2
14: 25
15: 4
16: 27
17: 28
18: 29
19: 8
20: 9 21 31
21: 20
22: 23
23: 12 22 24 34
24: 23 25
25: 14 24 26 36
26: 25 27
27: 16 26 28
28: 17 27 29 39
29: 18 28
30: 41
31: 20 42
32: 43
33: 44
34: 23
35: 36 46
36: 25 35 37 47
37: 36
38: 39
39: 28 38 40 50
40: 39
41: 30 42
42: 31 41 43 53
43: 32 42
44: 33 45 55
45: 44
46: 35
47: 36
48: 59
49: 50 60
50: 39 49 51 61
51: 50
52: 63
53: 42 64
54: 65
55: 44 56
56: 55 57 67
57: 56
58: 59
59: 48 58 60 70
60: 49 59 71
61: 50
62: 63
63: 52 62 64 74
64: 53 63 65
65: 54 64 76
66: 67
67: 56 66 68 78
68: 67 79
69: 80
70: 59 81
71: 60
72: 83
73: 74 84
74: 63 73 75 85
75: 74
76: 65
77: 88
78: 67 89
79: 68 80
80: 69 79 81 91
81: 70 80 82 92
82: 81 93
83: 72 84
84: 73 83 95
85: 74 86
86: 85
87: 98
88: 77 89 99
89: 78 88 90 100
90: 89
91: 80 102
92: 81
93: 82 94 104
94: 93 95
95: 84 94 96 106
96: 95 97 107
97: 96 98 108
98: 87 97 109
99: 88 110
100: 89 111
101: 102
102: 91 101 113
103: 104
104: 93 103 105
105: 104 116
106: 95
107: 96
108: 97
109: 98 120
110: 99
111: 100 112
112: 111
113: 102
114: 115
115: 114 116
116: 105 115 117
117: 116 118
118: 117
119: 120
120: 109 119