121 5

58 84 1 49 20 52 44 72 16 47 41 68 5 24 22 52 82 34 60 42 54 95 44 70 14 60 58 38 71 51 59 75 69 67 62 76 28 47 38 83 76 85 85 15 1 7 17 8 81 38 40 49 30 97 77 88 61 54 60 100 67 65 58 89 39 38 94 69 80 93 69 81 81 29 23 82 83 10 19 100 15 30 20 29 76 36 32 19 70 72 49 86 8 40 2 9 37 8 79 18 60 9 95 27 52 48 87 67 44 13 59 25 13 14 12 21 99 95 28 64 70
0: 1
1: 0 2 12
2: 1 3 13
3: 2 4 14
4: 3 5 15
5: 4
6: 17
7: 8
8: 7 9 19
9: 8 10
10: 9 21
11: 12 22
12: 1 11 23
13: 2 24
14: 3
15: 4
16: 17 27
17: 6 16 18 28
18: 17 19 29
19: 8 18 20 30
20: 19 31
21: 10
22: 11
23: 12
24: 13 25 35
25: 24
26: 27
27: 16 26 38
28: 17
29: 18
30: 19
31: 20
32: 43
33: 44
34: 45
35: 24 46
36: 37 47
37: 36 38
38: 27 37 39 49
39: 38
40: 51
41: 52
42: 43
43: 32 42 54
44: 33 45 55
45: 34 44 46 56
46: 35 45 47 57
47: 36 46 48 58
48: 47
49: 38 50 60
50: 49 51 61
51: 40 50 52
52: 41 51 53 63
53: 52
54: 43 65
55: 44
56: 45
57: 46 68
58: 47 59
59: 58
60: 49
61: 50
62: 73
63: 52 74
64: 65
65: 54 64 76
66: 77
67: 78
68: 57
69: 80
70: 81
71: 82
72: 73 83
73: 62 72 74
74: 63 73 75 85
75: 74
76: 65 87
77: 66 78 88
78: 67 77 89
79: 80
80: 69 79 81
81: 70 80 82 92
82: 71 81
83: 72 94
84: 95
85: 74
86: 87 97
87: 76 86
88: 77 99
89: 78
90: 101
91: 92
92: 81 91 93 103
93: 92 94
94: 83 93 95 105
95: 84 94 96 106
96: 95 97 107
97: 86 96 98 108
98: 97 109
99: 88 100 110
100: 99 101
101: 90 100 102 112
102: 101
103: 92 114
104: 115
105: 94
106: 95
107: 96 118
108: 97
109: 98 120
110: 99
111: 112
112: 101 111 113
113: 112 114
114: 103 113 115
115: 104 114 116
116: 115
117: 118
118: 107 117 119
119: 118
120: 109