121 2

459 68 231 413 424 357 83 373 60 189 404 450 166 286 464 78 41 338 119 409 412 237 495 374 255 6 76 299 430 338 104 490 74 468 225 97 308 233 54 166 332 32 394 363 90 430 443 124 46 395 215 399 336 269 112 444 80 302 422 379 104 485 407 391 144 351 428 200 467 332 27 453 187 108 35 87 60 47 336 27 90 381 431 483 327 198 466 301 405 297 232 196 151 316 105 263 219 339 39 311 36 108 488 150 66 370 19 302 186 291 445 382 89 132 414 439 52 420 200 117 139
0: 1
1: 0 2 12
2: 1 3
3: 2
4: 15
5: 6 16
6: 5 7
7: 6 8 18
8: 7 9 19
9: 8 10 20
10: 9
11: 12
12: 1 11 13 23
13: 12
14: 25
15: 4 16 26
16: 5 15 17 27
17: 16
18: 7
19: 8 30
20: 9
21: 32
22: 23
23: 12 22 34
24: 25 35
25: 14 24 26 36
26: 15 25
27: 16 38
28: 39
29: 30
30: 19 29 31 41
31: 30 32
32: 21 31 43
33: 44
34: 23 35
35: 24 34 46
36: 25
37: 38 48
38: 27 37 39
39: 28 38 50
40: 41
41: 30 40 42 52
42: 41
43: 32 54
44: 33 45
45: 44 56
46: 35
47: 48 58
48: 37 47 49 59
49: 48 60
50: 39 51
51: 50
52: 41
53: 54
54: 43 53 65
55: 56
56: 45 55 57 67
57: 56
58: 47
59: 48 70
60: 49 61
61: 60
62: 73
63: 74
64: 75
65: 54 76
66: 67 77
67: 56 66
68: 79
69: 70 80
70: 59 69 71 81
71: 70
72: 73
73: 62 72 74 84
74: 63 73 75 85
75: 64 74 76 86
76: 65 75 87
77: 66 78 88
78: 77 79
79: 68 78 80 90
80: 69 79 91
81: 70
82: 93
83: 94
84: 73
85: 74 96
86: 75
87: 76 98
88: 77
89: 100
90: 79 101
91: 80
92: 103
93: 82 94 104
94: 83 93
95: 106
96: 85
97: 98
98: 87 97 109
99: 100 110
100: 89 99 101 111
101: 90 100 102 112
102: 101 103
103: 92 102 104
104: 93 103 105
105: 104 106 116
106: 95 105 107 117
107: 106
108: 119
109: 98 120
110: 99
111: 100
112: 101 113
113: 112 114
114: 113
115: 116
116: 105 115
117: 106
118: 119
119: 108 118 120
120: 109 119