121 3

61 2 85 13 12 31 85 7 6 77 24 6 97 39 66 37 85 32 27 84 9 2 72 68 74 87 19 98 67 47 19 55 30 75 47 80 60 48 9 20 49 29 1 2 17 36 63 24 35 68 78 22 14 58 23 29 81 12 86 42 78 89 8 55 60 27 12 27 77 43 81 69 91 32 56 50 5 53 40 65 94 76 9 40 8 27 33 78 68 4 94 33 87 27 45 41 43 11 97 71 61 31 24 15 68 32 46 13 97 83 5 66 6 80 27 29 62 10 48 76 56
0: 1 11
1: 0 2 12
2: 1 3 13
3: 2 4 14
4: 3 5 15
5: 4 16
6: 7
7: 6 8 18
8: 7 9 19
9: 8 20
10: 21
11: 0 22
12: 1
13: 2 24
14: 3
15: 4 26
16: 5
17: 18
18: 7 17
19: 8 30
20: 9 21
21: 10 20 32
22: 11
23: 34
24: 13
25: 26
26: 15 25 27
27: 26 38
28: 39
29: 30
30: 19 29
31: 42
32: 21 43
33: 44
34: 23 35 45
35: 34
36: 47
37: 38
38: 27 37 39 49
39: 28 38 40 50
40: 39 51
41: 42 52
42: 31 41 43 53
43: 32 42 54
44: 33 45 55
45: 34 44
46: 47 57
47: 36 46 48
48: 47 59
49: 38
50: 39
51: 40 52 62
52: 41 51
53: 42
54: 43 65
55: 44 66
56: 57 67
57: 46 56 58 68
58: 57 69
59: 48 60 70
60: 59
61: 62
62: 51 61 63 73
63: 62
64: 65
65: 54 64 76
66: 55 67 77
67: 56 66 78
68: 57
69: 58
70: 59
71: 82
72: 73
73: 62 72 84
74: 85
75: 76
76: 65 75 87
77: 66
78: 67 79 89
79: 78
80: 91
81: 82
82: 71 81 83 93
83: 82 84
84: 73 83 85 95
85: 74 84 86
86: 85 97
87: 76
88: 89
89: 78 88 90 100
90: 89 101
91: 80 102
92: 93 103
93: 82 92 94
94: 93 105
95: 84
96: 97 107
97: 86 96 98 108
98: 97
99: 110
100: 89
101: 90 102 112
102: 91 101 103
103: 92 102 104 114
104: 103
105: 94
106: 107 117
107: 96 106
108: 97
109: 120
110: 99 111
111: 110 112
112: 101 111 113
113: 112
114: 103 115
115: 114
116: 117
117: 106 116 118
118: 117 119
119: 118 120
120: 109 119