121 5

99 83 35 31 54 23 92 33 7 5 92 69 71 78 19 14 34 28 69 99 41 13 45 60 16 43 76 21 17 16 65 41 91 58 42 81 75 48 79 10 67 70 100 55 72 15 9 30 68 66 60 57 43 98 82 96 91 94 9 29 91 27 15 83 9 11 59 90 84 35 59 100 20 44 23 69 61 12 60 94 97 42 2 42 19 15 34 83 70 61 46 63 94 37 8 45 79 90 85 22 71 1 70 68 31 63 4 54 42 69 59 42 90 13 96 48 61 17 42 92 28
0: 1 11
1: 0 2 12
2: 1 3 13
3: 2 4 14
4: 3 5 15
5: 4 6 16
6: 5 7 17
7: 6 8 18
8: 7 9 19
9: 8 10 20
10: 9 21
11: 0 12 22
12: 1 11 13 23
13: 2 12 14 24
14: 3 13 15 25
15: 4 14 16 26
16: 5 15 17 27
17: 6 16 18 28
18: 7 17 19 29
19: 8 18 20 30
20: 9 19 21 31
21: 10 20 32
22: 11 23 33
23: 12 22 24 34
24: 13 23 25 35
25: 14 24 26 36
26: 15 25 27 37
27: 16 26 28 38
28: 17 27 29 39
29: 18 28 30 40
30: 19 29 31 41
31: 20 30 32 42
32: 21 31 43
33: 22 34 44
34: 23 33 35 45
35: 24 34 36 46
36: 25 35 37 47
37: 26 36 38 48
38: 27 37 39 49
39: 28 38 40 50
40: 29 39 41 51
41: 30 40 42 52
42: 31 41 43 53
43: 32 42 54
44: 33 45 55
45: 34 44 46 56
46: 35 45 47 57
47: 36 46 48 58
48: 37 47 49 59
49: 38 48 50 60
50: 39 49 51 61
51: 40 50 52 62
52: 41 51 53 63
53: 42 52 54 64
54: 43 53 65
55: 44 56 66
56: 45 55 57 67
57: 46 56 58 68
58: 47 57 59 69
59: 48 58 60 70
60: 49 59 61 71
61: 50 60 62 72
62: 51 61 63 73
63: 52 62 64 74
64: 53 63 65 75
65: 54 64 76
66: 55 67 77
67: 56 66 68 78
68: 57 67 69 79
69: 58 68 70 80
70: 59 69 71 81
71: 60 70 72 82
72: 61 71 73 83
73: 62 72 74 84
74: 63 73 75 85
75: 64 74 76 86
76: 65 75 87
77: 66 78 88
78: 67 77 79 89
79: 68 78 80 90
80: 69 79 81 91
81: 70 80 82 92
82: 71 81 83 93
83: 72 82 84 94
84: 73 83 85 95
85: 74 84 86 96
86: 75 85 87 97
87: 76 86 98
88: 77 89 99
89: 78 88 90 100
90: 79 89 91 101
91: 80 90 92 102
92: 81 91 93 103
93: 82 92 94 104
94: 83 93 95 105
95: 84 94 96 106
96: 85 95 97 107
97: 86 96 98 108
98: 87 97 109
99: 88 100 110
100: 89 99 101 111
101: 90 100 102 112
102: 91 101 103 113
103: 92 102 104 114
104: 93 103 105 115
105: 94 104 106 116
106: 95 105 107 117
107: 96 106 108 118
108: 97 107 109 119
109: 98 108 120
110: 99 111
111: 100 110 112
112: 101 111 113
113: 102 112 114
114: 103 113 115
115: 104 114 116
116: 105 115 117
117: 106 116 118
118: 107 117 119
119: 108 118 120
120: 109 119