81 2

15 64 43 75 71 78 24 57 37 58 41 24 11 11 79 43 10 47 81 66 23 70 45 62 17 11 80 90 61 27 81 91 58 77 19 4 53 95 42 14 22 17 26 88 50 96 34 70 3 4 64 56 90 9 77 36 13 10 75 3 6 22 51 3 26 62 84 64 75 67 100 16 61 30 67 59 26 82 51 97 32
0: 1 9
1: 0
2: 11
3: 12
4: 13
5: 6
6: 5 15
7: 16
8: 17
9: 0 10 18
10: 9 11
11: 2 10 12 20
12: 3 11 13 21
13: 4 12 14 22
14: 13
15: 6 16
16: 7 15 17 25
17: 8 16
18: 9
19: 20
20: 11 19 29
21: 12
22: 13
23: 24
24: 23 25 33
25: 16 24 34
26: 35
27: 36
28: 29
29: 20 28 38
30: 39
31: 40
32: 41
33: 24
34: 25 35 43
35: 26 34 44
36: 27 37
37: 36 46
38: 29 39
39: 30 38 48
40: 31 41 49
41: 32 40 42
42: 41
43: 34
44: 35 53
45: 46
46: 37 45 55
47: 48
48: 39 47 49 57
49: 40 48 50
50: 49 59
51: 60
52: 53
53: 44 52 62
54: 63
55: 46 56 64
56: 55 57 65
57: 48 56 66
58: 59
59: 50 58 60 68
60: 51 59 61 69
61: 60 62
62: 53 61 71
63: 54 64 72
64: 55 63 73
65: 56
66: 57
67: 76
68: 59
69: 60 78
70: 71
71: 62 70 80
72: 63
73: 64 74
74: 73 75
75: 74 76
76: 67 75 77
77: 76
78: 69
79: 80
80: 71 79