1000 3

61 23 72 74 60 70 24 32 36 98 52 31 48 54 48 93 22 97 25 98 90 95 75 86 78 90 61 18 37 86 35 4 42 91 17 48 30 58 19 91 86 41 89 84 44 91 4 31 67 4 83 50 92 32 18 37 24 81 78 23 60 15 97 17 55 7 59 100 88 82 46 88 39 87 17 63 18 89 43 98 5 86 72 90 65 43 92 52 92 13 55 84 38 16 92 64 100 32 57 9 28 40 44 50 97 77 8 71 18 94 14 44 69 93 48 61 60 66 96 16 19 31 98 40 2 92 69 48 57 6 87 52 95 90 25 98 65 12 36 57 1 51 24 8 71 72 36 82 98 69 68 67 89 98 44 42 61 35 11 82 50 84 78 18 49 8 10 13 11 28 44 17 43 83 75 87 94 75 21 88 62 43 52 67 74 4 4 21 2 1 82 19 30 72 74 11 19 99 66 77 28 70 12 10 68 43 5 95 86 92 33 10 60 80 66 21 62 20 2 55 98 46 63 58 59 35 18 36 84 55 32 70 100 70 84 60 47 35 41 46 25 27 89 83 90 51 76 16 12 78 28 21 69 74 25 50 83 2 70 73 2 37 50 89 61 98 7 37 52 62 81 14 33 41 62 95 55 66 56 36 34 53 68 95 4 87 76 64 46 10 26 2 80 20 83 4 81 24 10 31 86 52 11 33 90 18 92 3 15 44 55 58 17 43 66 17 67 34 59 50 43 67 18 50 18 74 4 64 20 73 78 85 55 78 9 84 69 1 52 62 88 81 97 1 89 10 99 28 11 1 58 41 73 98 9 21 34 42 60 30 34 19 80 23 38 62 27 28 79 27 54 96 29 86 6 46 88 17 48 25 48 54 73 41 88 43 66 73 7 66 65 46 71 26 46 48 5 99 4 3 49 93 6 49 19 62 92 93 1 62 32 47 80 35 27 3 41 53 45 94 75 69 62 44 90 39 63 76 19 30 90 90 82 51 29 78 51 86 17 30 16 18 46 21 71 86 2 5 1 51 83 15 98 42 22 66 11 4 31 57 92 19 30 3 53 58 54 87 50 4 64 69 58 83 29 10 70 88 63 41 75 48 59 82 78 11 6 93 51 76 60 68 13 83 1 54 45 94 51 82 49 93 81 32 92 56 7 40 79 26 53 45 95 84 50 24 41 82 54 17 65 92 88 78 90 64 24 47 55 9 96 95 18 56 91 81 84 3 63 53 74 66 35 91 10 47 41 69 6 19 55 47 52 7 97 88 48 40 22 95 3 54 96 42 74 82 66 36 52 66 64 63 30 35 4 37 77 54 9 9 85 48 78 74 64 12 39 82 39 61 9 58 51 23 28 47 47 71 79 73 88 53 32 18 39 54 89 56 65 92 51 14 66 35 70 72 94 89 65 50 72 29 20 12 86 31 50 40 55 51 68 20 29 71 13 74 35 74 17 77 19 75 45 57 65 46 82 13 54 25 30 40 65 1 4 57 27 28 65 9 80 36 89 69 81 25 39 27 87 17 49 41 96 5 5 56 49 42 51 47 74 80 86 53 62 43 50 57 87 5 43 85 75 59 4 1 72 59 98 73 43 4 97 67 57 69 67 32 8 11 86 1 50 84 27 51 62 48 71 38 43 3 36 56 17 49 94 51 66 38 4 74 22 93 68 52 13 100 42 18 59 11 9 53 80 62 74 92 81 70 40 40 7 96 65 68 15 10 15 60 81 26 59 99 87 15 14 79 13 31 70 3 58 16 58 93 57 54 8 65 37 20 27 58 90 11 95 89 69 15 98 62 79 89 71 81 76 28 28 98 54 39 32 9 44 28 33 77 95 64 93 26 53 40 45 26 68 92 10 61 64 85 36 54 78 50 82 42 92 75 85 62 10 22 76 16 39 88 17 11 35 6 8 22 76 34 69 20 32 9 13 24 66 1 60 39 92 58 2 72 19 76 97 16 80 68 15 25 29 81 62 97 10 33 9 51 49 76 37 44 47 43 17 21 80 17 30 77 95 95 77 3 84 69 68 28 18 52 98 80 41 83 59 75 27 94 90 85 67 72 94 57 47 56 7 42 99 66 41 15 91 22 88 88 78 86 100 11 73 82 88 71 65 47 25 63 24 50 37 40 29 22 100 36 7 25 59 74 30 49 20 34 64 42 25 33 50 88 11 57 78 1 37 78 98 51 51 13 94 27 72 31 42 66 4 58 53 39 26 59 57 3 59 63 45 77 74 51 66 61 73 53 81 45 83 91 62 16 2 12
0: 52 68 291 377 402 468 673 710 728 730 976
1: 10 30 37 54 102 157 237 258 303 312 324 327 336 485 524 531 544 730 763 849 914 927 930 954
2: 38 61 140 442
3: 45 47 202 417 673
4: 34 80 143 147 193 396 774 860
5: 175 299 551 860
6: 13 36 632 650 708 846
7: 54 99 132 140 192 206 284 341 355 993
8: 46 121 594
9: 673 796
10: 1 277 896
11: 140 190 806
12: 31 69 176 177 497 637 740
13: 6 134 738
14: 99 208 213 747
15: 80 203 247
16: 30 70 163 301 465 615
17: 99
18: 42 53 59 76 83 111 443 557 581 845
19: 192
20: 673
21: 686
22: 54
23: 35 250 398 649 919
24: 140 321
25: 398
26: 65 573 952
27: 57 74 444 997
28: 142 218 516 896
29: 34 317
30: 1 16 34 56
31: 12 58 141 308 402 515 537
32: 736 742 896
33: 54 696
34: 4 29 30 110 169 263 307 879 944
35: 23 104 223 560
36: 6 322 595
37: 1
38: 2 105 521 622 810
39: 110 118 724
40: 507 671 686
41: 80 154 209 478 578
42: 18 63 920 937
43: 348
44: 82 270 730
45: 3 617
46: 8 54 130 200 350 590
47: 3 75 833
48: 49 324
49: 48 96 133 283 345 828
50: 192 514 924
51: 64 303 390 434 505 778
52: 0
53: 18 186 608 801
54: 1 7 22 33 46 60 87 135 563 853
55: 736
56: 30 149 487 627
57: 27
58: 31 643 897
59: 18 244 356 811
60: 54 188
61: 2 117 373 451
62: 158 804
63: 42 97 278 452
64: 51 67 611
65: 26 159 482 761 822 944
66: 849
67: 64 90 91
68: 0 266 552
69: 12 684
70: 16 254
71: 425 636 778
72: 100 381 450 791 893
73: 701
74: 27 86 172 182 225 230 887
75: 47 191 273
76: 18 221 248 261 269 658
77: 89 98 156
78: 255 265 275 377
79: 138
80: 4 15 41 92 122 246 399 787
81: 804
82: 44 666
83: 18 343
84: 673
85: 108 243 404 567 620
86: 74 220
87: 54 311 938
88: 167 631
89: 77 651
90: 67
91: 67 194 196
92: 80 119
93: 186 232 395 852
94: 507
95: 338 405 730 844 980
96: 49 548 783 998
97: 63
98: 77 262 589
99: 7 14 17 125 129 158 414
100: 72 137 235 336 362 488
101: 276 860
102: 1
103: 708
104: 35 473
105: 38 124 145 171 863
106: 146 267 340 578 794 903
107: 469 739 944
108: 85 421 718
109: 337
110: 34 39 242
111: 18 116 201 372 626
112: 226 337
113: 312 370
114: 623
115: 377 688 916
116: 111
117: 61 151 293 388
118: 39 183
119: 92 120 251 758
120: 119
121: 8 231 526 772
122: 80
123: 167 616 769
124: 105 189 335 411
125: 99 533
126: 137 219
127: 295
128: 186
129: 99 144 583
130: 46
131: 623
132: 7
133: 49 824
134: 13 195 198 621
135: 54 288 385 665
136: 238 729
137: 100 126 181 260 553
138: 79 257 406 492 670
139: 351 380 492 876
140: 2 7 11 24 199 224 404 508 618 899
141: 31 668
142: 28
143: 4 726
144: 129
145: 105
146: 106 420 430
147: 4
148: 729
149: 56 408 865
150: 927
151: 117 875
152: 546 845
153: 448 618 737
154: 41 509
155: 236 422 901
156: 77 166 214 409 795
157: 1 280 398 790
158: 62 99 165 256
159: 65 253 412
160: 165
161: 272 997
162: 205 778
163: 16 240 847 891
164: 312
165: 158 160 173 174 297 410 540 895
166: 156 256
167: 88 123 207 311
168: 187 289
169: 34 230
170: 236
171: 105 585
172: 74 368
173: 165 519
174: 165
175: 5
176: 12 178 786 970
177: 12
178: 176
179: 312
180: 212 507 719 728
181: 137 328
182: 74 536
183: 118
184: 709
185: 334 364 402 881
186: 53 93 128 320 397 593 692 854 973
187: 168 306 789
188: 60
189: 124 441 506
190: 11 375
191: 75 332 458 906
192: 7 19 50 612
193: 4 720
194: 91 352
195: 134 530
196: 91
197: 468
198: 134
199: 140 287 326
200: 46 294 423 501
201: 111 601
202: 3 992
203: 15 365 489
204: 206 554
205: 162 314 777
206: 7 204 217 227 279
207: 167
208: 14
209: 41 823
210: 482 584
211: 353 414 681 701
212: 180 429
213: 14
214: 156 245 503
215: 281 312
216: 579 789
217: 206
218: 28 989
219: 126 333 564 820
220: 86 568
221: 76 271 329 623
222: 386 729 884
223: 35 569
224: 140 431
225: 74 603
226: 112 491
227: 206 836
228: 752
229: 534 673 885
230: 74 169
231: 121
232: 93
233: 367 926
234: 361
235: 100 339 500
236: 155 170 239 849
237: 1 483 756
238: 136 318 342 417
239: 236 704 745 816 883
240: 163
241: 398 633
242: 110 628
243: 85 274
244: 59
245: 214
246: 80 331 999
247: 15
248: 76 445 455 699
249: 666
250: 23 453
251: 119
252: 515
253: 159 363 457 513 582
254: 70 357 407 419
255: 78
256: 158 166 447
257: 138 332 755
258: 1
259: 355 827 953
260: 137
261: 76 730
262: 98
263: 34 376
264: 701 837
265: 78 394
266: 68 379
267: 106
268: 285 298 585
269: 76
270: 44
271: 221
272: 161 528 575 645
273: 75
274: 243 656
275: 78 676
276: 101 383 904
277: 10 401
278: 63
279: 206 474
280: 157 349 918
281: 215
282: 482
283: 49 460
284: 7 305 309 354 433 571 642 650
285: 268 459
286: 400 413 938
287: 199
288: 135
289: 168 297 484
290: 563 663
291: 0 525 880
292: 488
293: 117 310
294: 200
295: 127 313 387 418 572 889
296: 297 614
297: 165 289 296 428
298: 268 391 518
299: 5
300: 778
301: 16
302: 307 871
303: 1 51 510
304: 904 910
305: 284
306: 187
307: 34 302 437 545 709
308: 31 848 931
309: 284 374
310: 293
311: 87 167 344
312: 1 113 164 179 215
313: 295 574
314: 205
315: 346 374
316: 486
317: 29
318: 238
319: 585
320: 186 576 598 862
321: 24 535
322: 36 539
323: 383 690
324: 1 48
325: 713 881
326: 199 392 654
327: 1 438 797
328: 181 366 596
329: 221
330: 351 792
331: 246
332: 191 257 955
333: 219
334: 185
335: 124 725
336: 1 100
337: 109 112 436 623 660
338: 95
339: 235
340: 106
341: 7
342: 238
343: 83 384 393 706 890 941
344: 311 917
345: 49
346: 315 771
347: 653
348: 43 542
349: 280 427 463
350: 46 754 949
351: 139 330
352: 194 493 680
353: 211 721
354: 284
355: 7 259
356: 59 461
357: 254 359 597 715 799
358: 374 679 703
359: 357 767
360: 388
361: 234 432 714
362: 100
363: 253
364: 185
365: 203 462 599
366: 328 629
367: 233 416 468 558 793 990
368: 172
369: 893
370: 113 467
371: 689 730
372: 111 693
373: 61
374: 309 315 358 784
375: 190
376: 263 985
377: 0 78 115
378: 526
379: 266
380: 139
381: 72
382: 490
383: 276 323
384: 343 470
385: 135
386: 222
387: 295
388: 117 360 646
389: 541
390: 51 446
391: 298 705
392: 326
393: 343
394: 265 499
395: 93 476
396: 4
397: 186
398: 23 25 157 241 426
399: 80
400: 286 466 577
401: 277
402: 0 31 185
403: 481 504 664 949
404: 85 140
405: 95 566 807
406: 138 471 694
407: 254 415 494
408: 149 529 586 765
409: 156
410: 165
411: 124
412: 159
413: 286 830
414: 99 211 587 591
415: 407
416: 367 762 850
417: 3 238 977
418: 295
419: 254 477
420: 146 523 550
421: 108 555 752
422: 155
423: 200
424: 721
425: 71 733 749 775 905
426: 398 454 565
427: 349 532
428: 297 495
429: 212 496 748
430: 146 873
431: 224 464
432: 361 707
433: 284 456 683
434: 51
435: 480 873
436: 337
437: 307
438: 327
439: 526
440: 611
441: 189
442: 2 716 936
443: 18
444: 27
445: 248 475
446: 390
447: 256
448: 153 732
449: 948
450: 72
451: 61 986
452: 63 655 798
453: 250
454: 426
455: 248
456: 433 547 988
457: 253 517 981
458: 191
459: 285
460: 283 522
461: 356 648 781 861
462: 365 630
463: 349
464: 431 609 922
465: 16
466: 400 619 877
467: 370 764
468: 0 197 367
469: 107 657
470: 384 834
471: 406
472: 515
473: 104
474: 279
475: 445 588 969
476: 395
477: 419
478: 41 570 770
479: 752 843
480: 435 915
481: 403 580 757
482: 65 210 282 498 647
483: 237
484: 289 858 962
485: 1
486: 316 518
487: 56 625
488: 100 292
489: 203
490: 382 549 682
491: 226
492: 138 139
493: 352 602
494: 407 543 722 841
495: 428
496: 429
497: 12 512
498: 482
499: 394 803
500: 235
501: 200
502: 549 831 842
503: 214
504: 403
505: 51
506: 189
507: 40 94 180 678 685
508: 140
509: 154
510: 303 556
511: 532
512: 497 788
513: 253
514: 50 702
515: 31 252 472 652 840
516: 28
517: 457
518: 298 486
519: 173 966
520: 527 962
521: 38
522: 460
523: 420
524: 1
525: 291 750
526: 121 378 439 600
527: 520
528: 272
529: 408
530: 195
531: 1
532: 427 511 674
533: 125
534: 229
535: 321
536: 182
537: 31 659 935
538: 730
539: 322
540: 165
541: 389 689 961
542: 348 607 624 730
543: 494
544: 1 662 785
545: 307
546: 152
547: 456 734
548: 96 638
549: 490 502 914
550: 420 605
551: 5 768
552: 68 874
553: 137 661
554: 204 667 759
555: 421
556: 510
557: 18
558: 367 809
559: 679 912
560: 35
561: 833
562: 744 937
563: 54 290
564: 219
565: 426
566: 405
567: 85
568: 220
569: 223
570: 478
571: 284 634
572: 295
573: 26
574: 313 756 886
575: 272
576: 320
577: 400 641 776
578: 41 106 723 864
579: 216
580: 481 604
581: 18 821
582: 253
583: 129
584: 210
585: 171 268 319
586: 408
587: 414
588: 475
589: 98
590: 46
591: 414 800
592: 914
593: 186 697
594: 8
595: 36
596: 328 695
597: 357
598: 320
599: 365 851
600: 526
601: 201
602: 493 606
603: 225 613
604: 580
605: 550 675
606: 602
607: 542
608: 53
609: 464
610: 766 842
611: 64 440
612: 192 925
613: 603 832
614: 296 982
615: 16
616: 123
617: 45
618: 140 153
619: 466 717
620: 85 735
621: 134
622: 38 978
623: 114 131 221 337
624: 542 907
625: 487
626: 111
627: 56 714
628: 242 773 868
629: 366 640
630: 462
631: 88 898
632: 6 805
633: 241 900
634: 571
635: 729
636: 71
637: 12
638: 548 741
639: 750
640: 629 700
641: 577
642: 284 979
643: 58
644: 937
645: 272
646: 388
647: 482
648: 461 835
649: 23
650: 6 284
651: 89 838
652: 515
653: 347 833 909 913
654: 326
655: 452 751
656: 274 963
657: 469
658: 76
659: 537 818
660: 337 972
661: 553 829
662: 544 946
663: 290 711
664: 403
665: 135
666: 82 249 746
667: 554
668: 141 967
669: 709
670: 138 819
671: 40
672: 676
673: 0 3 9 20 84 229
674: 532 825
675: 605 712 866
676: 275 672
677: 814 911 914
678: 507
679: 358 559
680: 352
681: 211
682: 490
683: 433
684: 69
685: 507
686: 21 40 945 996
687: 823
688: 115 859
689: 371 541
690: 323
691: 961
692: 186
693: 372 867
694: 406 815 839 984
695: 596
696: 33
697: 593 965
698: 712
699: 248
700: 640 921
701: 73 211 264
702: 514
703: 358
704: 239
705: 391 760
706: 343
707: 432
708: 6 103
709: 184 307 669
710: 0
711: 663 743 960
712: 675 698 995
713: 325
714: 361 627 779
715: 357 857
716: 442
717: 619
718: 108
719: 180 892 964
720: 193
721: 353 424 753
722: 494
723: 578
724: 39 855
725: 335
726: 143
727: 891
728: 0 180
729: 136 148 222 635
730: 0 1 44 95 261 371 538 542 975
731: 840
732: 448
733: 425 780
734: 547
735: 620
736: 32 55 813
737: 153
738: 13 948
739: 107
740: 12
741: 638
742: 32
743: 711
744: 562
745: 239 870
746: 666
747: 14
748: 429
749: 425
750: 525 639
751: 655
752: 228 421 479
753: 721
754: 350
755: 257
756: 237 574
757: 481 950
758: 119
759: 554 782
760: 705 802
761: 65
762: 416
763: 1
764: 467
765: 408
766: 610
767: 359
768: 551
769: 123 987
770: 478
771: 346 888
772: 121
773: 628 923
774: 4
775: 425
776: 577
777: 205 808
778: 51 71 162 300 994
779: 714
780: 733
781: 461
782: 759
783: 96
784: 374
785: 544
786: 176
787: 80
788: 512
789: 187 216
790: 157 869
791: 72
792: 330
793: 367
794: 106
795: 156
796: 9 878
797: 327
798: 452 933 943
799: 357
800: 591
801: 53 817
802: 760 940
803: 499
804: 62 81
805: 632
806: 11
807: 405
808: 777
809: 558
810: 38 826
811: 59
812: 851
813: 736
814: 677
815: 694
816: 239
817: 801
818: 659 882
819: 670 929
820: 219
821: 581
822: 65
823: 209 687 856 872
824: 133
825: 674 959
826: 810
827: 259
828: 49
829: 661
830: 413
831: 502
832: 613
833: 47 561 653
834: 470
835: 648
836: 227
837: 264
838: 651
839: 694
840: 515 731
841: 494
842: 502 610 928
843: 479
844: 95
845: 18 152
846: 6
847: 163
848: 308
849: 1 66 236
850: 416
851: 599 812
852: 93
853: 54
854: 186
855: 724
856: 823
857: 715
858: 484
859: 688
860: 4 5 101
861: 461
862: 320
863: 105
864: 578
865: 149
866: 675
867: 693 983
868: 628 939
869: 790
870: 745
871: 302
872: 823 958
873: 430 435
874: 552
875: 151
876: 139
877: 466
878: 796 894
879: 34 942
880: 291
881: 185 325
882: 818
883: 239
884: 222
885: 229
886: 574 956
887: 74
888: 771
889: 295
890: 343
891: 163 727
892: 719
893: 72 369
894: 878
895: 165
896: 10 28 32
897: 58
898: 631
899: 140
900: 633
901: 155
902: 938
903: 106
904: 276 304
905: 425
906: 191
907: 624
908: 962
909: 653
910: 304
911: 677
912: 559 957
913: 653 968
914: 1 549 592 677
915: 480
916: 115
917: 344
918: 280
919: 23
920: 42 991
921: 700
922: 464
923: 773
924: 50
925: 612
926: 233
927: 1 150
928: 842
929: 819 934
930: 1
931: 308
932: 997
933: 798 947
934: 929
935: 537
936: 442
937: 42 562 644
938: 87 286 902
939: 868
940: 802
941: 343 951
942: 879
943: 798
944: 34 65 107
945: 686
946: 662
947: 933
948: 449 738
949: 350 403
950: 757
951: 941
952: 26
953: 259
954: 1
955: 332
956: 886
957: 912
958: 872
959: 825
960: 711
961: 541 691
962: 484 520 908 974
963: 656
964: 719
965: 697
966: 519
967: 668
968: 913
969: 475
970: 176
971: 998
972: 660
973: 186
974: 962
975: 730
976: 0
977: 417
978: 622
979: 642
980: 95
981: 457
982: 614
983: 867
984: 694
985: 376
986: 451
987: 769
988: 456
989: 218
990: 367
991: 920
992: 202
993: 7
994: 778
995: 712
996: 686
997: 27 161 932
998: 96 971
999: 246