250 6

290 418 336 19 185 446 395 86 254 53 361 366 338 374 220 76 263 435 318 11 299 425 412 457 219 163 225 416 19 271 418 341 209 420 177 259 107 295 26 312 464 304 498 467 308 394 358 330 222 194 283 248 122 221 161 183 46 125 197 268 184 102 400 429 144 320 125 411 496 287 486 368 399 184 450 272 67 269 53 415 318 123 326 187 52 410 496 256 292 112 87 235 261 225 242 184 244 437 384 342 132 228 363 338 100 302 116 322 266 482 95 293 398 469 369 332 239 270 292 293 191 420 119 340 470 138 492 204 35 142 200 198 165 291 406 472 417 294 498 262 268 297 351 318 253 115 53 88 14 16 261 171 196 282 269 377 239 494 3 427 248 53 177 196 308 354 372 68 254 244 379 286 439 455 169 338 150 224 295 404 184 50 315 364 125 170 131 356 130 250 40 472 16 126 306 161 403 483 165 186 420 92 250 80 20 491 53 147 323 391 257 363 259 432 405 108 361 488 312 51 499 345 426 246 321 363 209 397 122 386 296 72 188 425 449 79 272 306 221 485 493 496 284 175 358 234 271 172 200 481
0: 28 45 116 120 122 125 158 215 248
1: 158
2: 128
3: 4 6 7 9 15 17 19 31 38 54 62 102 126 127 140
4: 3
5: 8 78
6: 3 146
7: 3 34 101 128 221
8: 5 23 49
9: 3 80 168 170 204
10: 55 148
11: 12 174
12: 11 195
13: 81 133 190 222
14: 202 203
15: 3 29 88 99 242
16: 71 190
17: 3 25 154
18: 38 67
19: 3 28 121 124 142 167 175 236
20: 28
21: 36 122
22: 26 69 92 127
23: 8 40 123
24: 37
25: 17 48 113 161 217
26: 22 110
27: 148 230
28: 0 19 20 61
29: 15 84 156
30: 59 78
31: 3 60 108 109
32: 115 150
33: 193 206
34: 7 83
35: 218
36: 21 43 205
37: 24 81 100 138
38: 3 18 44 57 111 112 118 218
39: 61
40: 23 104
41: 128 233
42: 186
43: 36 63 211
44: 38 50 183
45: 0 76
46: 129 193
47: 64 65 143
48: 25 141
49: 8 196 246
50: 44 245
51: 58 129 148
52: 79 190
53: 148 220
54: 3 56
55: 10 68 95 143
56: 54
57: 38 70
58: 51 238 249
59: 30 91 231
60: 31 94
61: 28 39 87
62: 3
63: 43
64: 47 130
65: 47 82
66: 90 125 174
67: 18 106
68: 55
69: 22
70: 57 207
71: 16
72: 231
73: 148
74: 203
75: 131
76: 45
77: 204
78: 5 30 86 89 96 102 169 240 243
79: 52
80: 9 178
81: 13 37 97 185 204
82: 65 247
83: 34 228
84: 29
85: 203
86: 78 147
87: 61 105 188
88: 15
89: 78 93
90: 66 119 172
91: 59 226
92: 22
93: 89 192
94: 60 198
95: 55
96: 78
97: 81
98: 176 193
99: 15 181 209
100: 37 136 225
101: 7
102: 3 78
103: 158 197
104: 40 162
105: 87 144
106: 67 160
107: 148
108: 31
109: 31
110: 26 208
111: 38 164
112: 38 149
113: 25 187
114: 129 132
115: 32
116: 0 155
117: 192
118: 38 227
119: 90 134 201
120: 0
121: 19
122: 0 21 212
123: 23
124: 19 239
125: 0 66 159
126: 3
127: 3 22 131 191
128: 2 7 41
129: 46 51 114 204
130: 64
131: 75 127
132: 114 153 214
133: 13 189
134: 119
135: 190
136: 100 224
137: 149
138: 37 229
139: 148
140: 3 180
141: 48
142: 19 210
143: 47 55
144: 105 171
145: 149 157
146: 6
147: 86
148: 10 27 51 53 73 107 139
149: 112 137 145 165 166
150: 32 204
151: 190
152: 186 248
153: 132
154: 17
155: 116 219
156: 29
157: 145
158: 0 1 103
159: 125
160: 106
161: 25
162: 104 173
163: 198
164: 111
165: 149
166: 149 232
167: 19
168: 9
169: 78 177
170: 9
171: 144 184
172: 90
173: 162
174: 11 66
175: 19
176: 98
177: 169 194
178: 80
179: 206 216 237
180: 140
181: 99
182: 186
183: 44
184: 171
185: 81
186: 42 152 182
187: 113
188: 87 199 244
189: 133
190: 13 16 52 135 151 203
191: 127
192: 93 117 223
193: 33 46 98
194: 177
195: 12 213
196: 49
197: 103
198: 94 163
199: 188 241
200: 226
201: 119
202: 14
203: 14 74 85 190
204: 9 77 81 129 150
205: 36
206: 33 179
207: 70
208: 110
209: 99
210: 142
211: 43
212: 122
213: 195
214: 132
215: 0
216: 179 234
217: 25
218: 35 38
219: 155 235
220: 53
221: 7
222: 13
223: 192
224: 136
225: 100
226: 91 200
227: 118
228: 83
229: 138
230: 27
231: 59 72
232: 166
233: 41
234: 216
235: 219
236: 19
237: 179
238: 58
239: 124
240: 78
241: 199
242: 15
243: 78
244: 188
245: 50
246: 49
247: 82
248: 0 152
249: 58