250 2

31 8 25 91 22 53 94 75 19 97 82 45 75 35 34 41 11 19 16 23 87 18 80 64 19 32 72 97 96 73 47 59 50 65 3 83 1 97 100 28 13 49 72 61 27 24 69 75 40 98 20 13 79 2 70 4 28 55 28 96 27 64 12 35 75 21 87 3 99 56 93 6 83 56 4 86 73 33 33 8 8 82 5 1 16 71 65 63 26 21 65 5 21 16 44 30 89 8 42 71 5 65 9 54 47 64 100 14 55 31 48 5 95 21 5 74 91 95 62 84 91 73 7 31 99 56 11 74 96 26 45 52 81 86 97 72 29 15 75 76 22 64 99 61 2 33 20 45 3 67 43 52 40 86 90 19 80 16 63 52 1 2 83 48 26 89 32 79 63 82 56 6 14 85 40 88 30 46 44 32 94 53 54 69 69 53 35 74 10 56 22 22 49 59 46 53 89 75 26 76 83 94 81 29 1 33 39 23 26 73 70 8 19 16 31 65 90 65 97 26 32 45 52 76 44 38 76 15 21 48 47 43 97 4 57 42 88 1 77 9 92 74 15 13 51 77 59 35 53 90
0: 111 118 122 168 215 248
1: 2 3 5 6 7 13 18 30 31 37 45 57 102 103 112 125 126 127 128 142 158 202 204 218
2: 1 32 115 174
3: 1 19 54
4: 17 20 31 170
5: 1 8
6: 1 146
7: 1 34 221
8: 5 23 42 49
9: 204
10: 140 148
11: 12 174
12: 11 213
13: 1 133 190 222
14: 16 79
15: 29 80 88 242
16: 14 71 74 151 190
17: 4 25 80 90 154
18: 1 22 67
19: 3 121 124 167 175 236
20: 4 39
21: 36 62 120 122
22: 18 26 69 92
23: 8 40 123
24: 102
25: 17 48 113 161 217
26: 22 208
27: 148 230
28: 62
29: 15 84 156
30: 1 59
31: 1 4 101 109 191
32: 2
33: 114 176 179
34: 7 83
35: 62
36: 21 43 205
37: 1 100 138
38: 111
39: 20 61 105 188
40: 23 104
41: 97 233
42: 8
43: 36 63
44: 62 183
45: 1 76
46: 129
47: 64 65 143
48: 25 141
49: 8 196 246
50: 62
51: 53 58 62
52: 79
53: 51 73 139 148 220
54: 3 56
55: 62 68 70 95 143
56: 54
57: 1
58: 51 238 249
59: 30 91 231
60: 62 94
61: 39
62: 21 28 35 44 50 51 55 60 75 204 245
63: 43
64: 47 130
65: 47 82
66: 172
67: 18 160
68: 55
69: 22
70: 55 207
71: 16 135
72: 231
73: 53
74: 16 85 203
75: 62
76: 45
77: 204
78: 89 102 240 243
79: 14 52
80: 15 17 178
81: 185 204
82: 65 247
83: 34 228
84: 29
85: 74
86: 102 147
87: 188
88: 15 99
89: 78 93 169
90: 17 172
91: 59 200 226
92: 22
93: 89 117 192 223
94: 60 198
95: 55
96: 102
97: 41 102
98: 176 193
99: 88 181 209
100: 37 136 225
101: 31
102: 1 24 78 86 96 97 131
103: 1 197
104: 40 162
105: 39 144
106: 160
107: 148
108: 191
109: 31
110: 208
111: 0 38 116 164
112: 1 137
113: 25 187
114: 33 129 132
115: 2
116: 111 155
117: 93
118: 0 227
119: 134 172 201
120: 21
121: 19
122: 0 21 212
123: 23
124: 19 239
125: 1 159
126: 1
127: 1
128: 1
129: 46 114 204
130: 64
131: 102
132: 114 214
133: 13 189
134: 119
135: 71
136: 100 224
137: 112 145 149
138: 37 229
139: 53
140: 10 180
141: 48
142: 1 210
143: 47 55
144: 105 171
145: 137 157
146: 6
147: 86
148: 10 27 53 107
149: 137 165 166
150: 204
151: 16
152: 186 248
153: 214
154: 17
155: 116 219 235
156: 29
157: 145
158: 1
159: 125
160: 67 106
161: 25
162: 104 173
163: 198
164: 111
165: 149
166: 149 232
167: 19
168: 0
169: 89 177
170: 4
171: 144 184
172: 66 90 119
173: 162
174: 2 11
175: 19
176: 33 98
177: 169 194
178: 80
179: 33 206 216 237
180: 140
181: 99
182: 186
183: 44
184: 171
185: 81
186: 152 182
187: 113
188: 39 87 199 244
189: 133
190: 13 16
191: 31 108
192: 93
193: 98
194: 177
195: 213
196: 49
197: 103
198: 94 163
199: 188 241
200: 91
201: 119
202: 1
203: 74
204: 1 9 62 77 81 129 150
205: 36 211
206: 179
207: 70
208: 26 110
209: 99
210: 142
211: 205
212: 122
213: 12 195
214: 132 153
215: 0
216: 179 234
217: 25
218: 1
219: 155
220: 53
221: 7
222: 13
223: 93
224: 136
225: 100
226: 91
227: 118
228: 83
229: 138
230: 27
231: 59 72
232: 166
233: 41
234: 216
235: 155
236: 19
237: 179
238: 58
239: 124
240: 78
241: 199
242: 15
243: 78
244: 188
245: 62
246: 49
247: 82
248: 0 152
249: 58