250 5

203 287 466 235 368 478 307 156 277 483 173 198 249 358 106 305 19 83 5 459 457 485 322 140 8 222 479 40 161 208 169 480 111 477 84 146 303 431 377 476 221 358 269 169 413 170 363 417 219 204 291 229 434 289 283 368 374 420 23 154 155 490 21 255 11 146 309 28 465 378 269 497 61 448 162 206 265 376 305 66 72 112 348 106 85 129 273 339 267 219 268 156 299 303 326 329 422 181 403 437 25 163 413 251 425 88 49 32 207 214 56 98 395 49 228 310 33 476 21 196 158 336 481 221 378 230 323 18 423 122 270 5 126 332 68 13 156 399 208 287 165 129 236 350 335 128 381 472 314 275 192 425 7 341 122 450 283 324 279 235 104 222 48 143 219 124 31 63 252 304 354 215 358 492 187 141 98 394 320 352 421 238 445 300 90 77 99 396 447 343 349 359 169 63 184 276 157 499 1 462 440 93 263 71 56 354 23 436 405 441 438 375 325 453 476 101 94 490 362 299 141 118 19 231 312 181 248 16 205 231 265 428 178 159 302 485 378 52 425 479 64 76 415 248 151 5 312 103 310 357
0: 30 103 116 118 120 122 127 142 158 215
1: 18 135
2: 62
3: 54 127 167 175
4: 17
5: 32
6: 146 227
7: 17 34 101 127 170 221
8: 23 49
9: 127
10: 47 62 126
11: 12 32 174
12: 11 195 213
13: 24 133 222
14: 79 135 202
15: 29 80 88 242
16: 74 85 135 203
17: 4 7 25 66 80 90 119 154
18: 1 22 31 38 45 67 112 127
19: 167 236
20: 28
21: 36 62
22: 18 26 69 92
23: 8 40 42 123
24: 13 37 102
25: 17 48 113 161 217
26: 22 110
27: 33 62 98 114 140 143 148 193 220 230
28: 20 61 62 121
29: 15 84 156
30: 0 59 78 96 125
31: 18 109
32: 5 11 115 150
33: 27 206
34: 7 83
35: 62
36: 21 43
37: 24 100 138
38: 18
39: 105
40: 23 104
41: 81 233
42: 23 152
43: 36 63 205 211
44: 62 183
45: 18 76
46: 193
47: 10 64 65
48: 25 141
49: 8 196 246
50: 245
51: 58 62
52: 135
53: 139 220
54: 3 56
55: 62
56: 54
57: 62
58: 51 238 249
59: 30 72 91
60: 62 94
61: 28 87
62: 2 10 21 27 28 35 44 51 55 57 60 68 70 77 127 129 150 204 218 245
63: 43
64: 47 130
65: 47 82
66: 17
67: 18 106 160
68: 62
69: 22
70: 62 95 207
71: 135
72: 59 231
73: 107
74: 16
75: 131
76: 45
77: 62
78: 30 89 240 243
79: 14
80: 15 17 178
81: 41 97 168 185 204
82: 65 247
83: 34 228
84: 29
85: 16
86: 89 147
87: 61 105
88: 15 99
89: 78 86 93 169
90: 17
91: 59 200 226
92: 22
93: 89 192
94: 60 198
95: 70
96: 30
97: 81
98: 27 176
99: 88 181 209
100: 37 136 225
101: 7
102: 24 131
103: 0 197
104: 40 162
105: 39 87 144 171 244
106: 67
107: 73 148
108: 191
109: 31
110: 26 208
111: 116 164
112: 18 145
113: 25 187
114: 27 132
115: 32
116: 0 111 155
117: 192
118: 0 227 248
119: 17 134 172 201
120: 0
121: 28
122: 0 212
123: 23
124: 175 239
125: 30 159
126: 10
127: 0 3 7 9 18 62 128 131 191
128: 127
129: 62
130: 64
131: 75 102 127
132: 114 153 214
133: 13 189
134: 119
135: 1 14 16 52 71 151 190
136: 100 224
137: 145
138: 37 229
139: 53
140: 27 180
141: 48
142: 0 210
143: 27
144: 105
145: 112 137 149 157
146: 6
147: 86
148: 27 107
149: 145 165 166
150: 32 62
151: 135
152: 42 182 186 248
153: 132
154: 17
155: 116 219
156: 29
157: 145
158: 0
159: 125
160: 67
161: 25
162: 104 173
163: 198
164: 111
165: 149
166: 149 232
167: 3 19
168: 81
169: 89 177
170: 7
171: 105 184
172: 119
173: 162
174: 11
175: 3 124
176: 98
177: 169 194
178: 80
179: 206 216 237
180: 140
181: 99
182: 152
183: 44
184: 171
185: 81
186: 152
187: 113
188: 199 244
189: 133
190: 135
191: 108 127
192: 93 117 223
193: 27 46
194: 177
195: 12
196: 49
197: 103
198: 94 163
199: 188 241
200: 91
201: 119
202: 14
203: 16
204: 62 81
205: 43
206: 33 179
207: 70
208: 110
209: 99
210: 142
211: 43
212: 122
213: 12
214: 132
215: 0
216: 179 234
217: 25
218: 62
219: 155 235
220: 27 53
221: 7
222: 13
223: 192
224: 136
225: 100
226: 91
227: 6 118
228: 83
229: 138
230: 27
231: 72
232: 166
233: 41
234: 216
235: 219
236: 19
237: 179
238: 58
239: 124
240: 78
241: 199
242: 15
243: 78
244: 105 188
245: 50 62
246: 49
247: 82
248: 118 152
249: 58