1000 2

85 63 92 69 36 35 9 35 3 70 37 15 47 43 12 11 31 2 97 50 54 74 3 50 23 45 8 72 4 40 78 4 80 20 67 100 59 90 64 21 64 80 58 1 72 20 4 46 74 63 34 16 59 19 71 78 99 25 7 91 93 36 70 90 58 34 55 89 11 72 46 99 56 54 66 73 34 84 47 44 50 97 59 50 52 79 65 26 91 72 42 30 35 93 6 58 6 52 76 92 98 76 37 63 76 58 30 83 50 53 71 18 56 67 18 64 23 30 51 54 70 32 23 56 45 79 17 35 82 47 29 58 75 13 9 91 52 77 83 49 22 20 44 39 98 4 5 19 72 26 96 58 95 50 68 39 60 33 48 5 79 55 92 52 48 40 59 21 8 44 98 4 100 18 23 69 94 98 36 13 57 11 89 91 45 85 21 77 91 11 42 31 27 94 79 74 98 45 12 58 98 4 38 2 61 26 58 89 1 86 61 94 20 19 75 90 45 15 63 48 41 20 21 95 77 35 80 32 31 47 29 86 37 69 44 55 75 98 12 8 59 77 57 81 19 13 94 70 54 12 15 91 23 90 43 28 30 80 50 27 1 79 4 17 15 40 48 55 77 74 71 78 3 76 83 61 67 62 58 94 78 7 6 66 26 89 64 86 74 57 17 98 88 64 88 22 93 58 98 94 61 87 93 96 94 2 1 94 45 83 26 14 6 21 62 89 7 28 46 79 47 75 82 3 33 73 77 63 35 42 4 18 98 11 41 82 70 100 83 34 84 78 59 58 80 1 57 63 78 27 64 18 48 16 72 70 51 69 8 81 33 95 75 97 59 62 46 65 34 97 5 46 18 79 1 5 7 95 29 28 23 90 30 28 85 4 82 41 6 73 93 23 8 4 54 8 16 16 22 1 36 9 58 34 82 79 79 16 25 51 92 41 20 51 62 72 26 3 88 13 75 51 11 59 77 51 23 38 43 93 56 17 75 40 38 78 4 94 27 43 100 43 74 81 76 20 74 90 70 65 22 17 47 90 62 5 79 90 41 50 23 24 25 2 88 50 98 77 25 21 52 94 10 83 30 33 79 24 93 1 25 53 23 60 97 91 22 44 69 37 40 90 35 60 97 11 51 83 48 97 47 28 48 84 43 71 74 1 43 98 52 28 88 85 15 49 22 54 77 3 14 95 73 84 42 92 35 90 21 3 84 7 74 11 3 74 47 22 89 73 85 19 72 68 91 13 100 20 89 26 12 65 57 62 1 68 59 20 55 31 44 74 16 94 81 78 32 89 77 73 86 86 51 80 79 38 91 55 83 95 59 85 79 90 53 26 24 70 65 1 4 19 76 59 47 67 38 78 80 87 78 98 10 34 97 69 75 23 57 1 48 66 31 49 83 84 47 47 43 41 9 84 94 78 3 21 49 38 76 66 6 2 86 78 58 7 5 80 8 44 15 59 81 98 15 11 19 9 87 41 62 52 42 78 72 57 94 83 90 38 53 65 93 32 32 61 95 64 79 61 34 31 76 46 51 91 36 33 51 80 36 21 5 97 51 78 29 64 18 46 51 79 21 59 82 11 64 88 10 88 77 72 17 52 9 8 41 40 64 9 62 48 60 90 56 3 16 32 76 43 14 74 46 57 23 67 30 8 3 92 20 63 56 39 30 71 33 80 2 70 53 1 93 29 92 40 90 100 26 35 1 89 17 72 24 27 35 28 54 57 69 73 40 26 47 29 13 88 89 99 1 90 41 57 10 41 72 59 84 65 9 34 39 30 16 89 93 54 98 96 99 65 10 28 69 37 30 85 15 82 27 8 50 20 35 51 47 78 69 45 21 14 29 3 9 55 50 89 34 39 49 18 68 10 82 9 62 76 39 77 12 66 22 13 83 59 68 81 63 41 1 65 98 7 4 25 68 40 37 68 96 42 31 62 96 54 70 99 95 34 6 40 16 42 29 93 45 26 74 40 13 53 57 37 34 76 17 26 63 74 68 88 6 91 55 31 30 29 22 90 32 72 93 11 83 31 8 62 62 11 73 41 28 14 84 17 60 29 47 14 44 32 59 9 96 91 63 98 22 32 16 73 18 15 20 71 89 24 80 69 63 61 65 88 24 81 21 33 89 93 7 68 10 53 26 12 98 3 36 68 33 55 46 3 71 40 5 42 43 30 91 84 6 88 87 59 74 38 29 78 39 45 23 99 52 24 98 87 19 2 53 2 40 4 98 96 37 7 11 66 29 47 34 73 13 10 90 14 45 44
0: 52 68 255 291 362 374 468 681 728
1: 22 327 524 544 763 927
2: 22 442 451 749
3: 45 47 168 202 417 421 840
4: 43 193 396 726 774 787 860
5: 6 175 299 551 805 860
6: 5 12 13 15 36 103 632 708 846
7: 8 14 133 227 284 341
8: 7 22 33 39 46 48 54 121 200 324 350 531 590 594
9: 203 796
10: 28 87 277 930
11: 50 133 140 190 261 538 806
12: 6 31 69 176 497 637 740
13: 6 738
14: 7 17 125 132 208 213 259 747
15: 6 27 41 74 80 106 172 182 203 225 247
16: 70 179 301 465 615
17: 14 62 77 99 156 158
18: 263 443 557
19: 133 686
20: 673
21: 686
22: 1 2 8 127 313 508 563 663 774
23: 250 396 649 919
24: 133 179 321 487 702 730
25: 26 35 398 893
26: 25 159 573 761 944 952
27: 15 444
28: 10 32 142 218 516 896
29: 317 860
30: 179
31: 12 58 141 308 402 515 537
32: 28 736 742
33: 8 696
34: 263 545 709 871 879
35: 25 104 223 560
36: 6 322 595
37: 87
38: 521 622 810
39: 8 66 110 118 355 526 724
40: 507 671
41: 15 209
42: 53 83 97 562 920
43: 4 85 147 348 404 542 650
44: 82 730
45: 3 617
46: 8 130
47: 3 75 833
48: 8
49: 96 283 345
50: 11 924
51: 64 133 303 390 434 505 510 994
52: 0
53: 42 93 186 232 593 608 692 801 973
54: 8 853
55: 736
56: 149 179
57: 66 170
58: 31 185 325 643 881 897
59: 811
60: 188 290
61: 117 451
62: 17 804
63: 278 452
64: 51 67 440 611
65: 159
66: 39 57 155 849 997
67: 64 90 91
68: 0 266 552
69: 12 684
70: 16 254
71: 636 994
72: 100 450 791 893
73: 129 192 264
74: 15 86 887
75: 47 79 191 273
76: 221 248 269 658
77: 17 89 98
78: 255 265 275 377
79: 75 670
80: 15 92 122 399
81: 804
82: 44 249
83: 42 263 343 941
84: 154 673
85: 43 567 620
86: 74 220
87: 10 37 127 286 311 616 898 902 938
88: 631
89: 77 651
90: 67
91: 67 194 196
92: 80 119
93: 53 395 852
94: 507 728
95: 338 405 730 844 980
96: 49 133 548 618 741 783 971 998
97: 42 452
98: 77 262 589
99: 17
100: 72 126 235
101: 860
102: 335 541
103: 6
104: 35 473
105: 124 145 171 810 863
106: 15 146 267 340 903
107: 469 739 944
108: 228 718
109: 436
110: 39 242
111: 114 116 201 372 626
112: 226 436
113: 312 370
114: 111 131 436
115: 688
116: 111
117: 61 151 310 388
118: 39 183
119: 92 120 251 758
120: 119
121: 8 231 378 772
122: 80 331
123: 311 769
124: 105 189 335 411
125: 14 533
126: 100 137 333
127: 22 87
128: 397
129: 73 144 583
130: 46 294
131: 114 954
132: 14
133: 7 11 19 24 51 96 153 824 828
134: 195 198 530 621
135: 288 385 635 665
136: 222 417 635
137: 126 181 260 553
138: 257 406 670
139: 330 380 492 670 876
140: 11 224 899
141: 31 177 668
142: 28
143: 726
144: 129
145: 105
146: 106 420 430 578 794 864
147: 43
148: 382 635
149: 56 234 529 627 714 865
150: 927
151: 117 875
152: 546 845
153: 133 448 737
154: 84 509
155: 66 422
156: 17 409 795 976
157: 336 398 790
158: 17 173 256
159: 26 65 210 253 282 412 482 822
160: 173
161: 272 997
162: 205 300
163: 179 727
164: 312
165: 173 410 895
166: 256
167: 207 311
168: 3 187 289 297
169: 230 263
170: 57
171: 105 268 585
172: 15 368
173: 158 160 165 174 519
174: 173
175: 5
176: 12 178 786 970
177: 141
178: 176
179: 16 24 30 56 163 312
180: 212 507 719
181: 137 328
182: 15 536
183: 118
184: 709
185: 58 334
186: 53 397 854
187: 168 216 306
188: 60
189: 124 441 506
190: 11 375 845
191: 75 332 458 906
192: 73 899
193: 4 720
194: 91 680
195: 134
196: 91
197: 468
198: 134 738
199: 287 326 899
200: 8 501
201: 111 403 504 601 949
202: 3 992
203: 9 15 365 489
204: 217 258 554
205: 162 314 777
206: 217
207: 167
208: 14
209: 41 823
210: 159 584
211: 264
212: 180 429 748
213: 14
214: 245 256 503
215: 281 312
216: 187 579 789
217: 204 206 227 279
218: 28 989
219: 333
220: 86 568
221: 76 271 329 356 436 845
222: 136 884
223: 35 569
224: 140 431
225: 15 230 603
226: 112 491
227: 7 217 836
228: 108 752
229: 252 472 534 673 885
230: 169 225
231: 121
232: 53
233: 468 926
234: 149 361
235: 100 292 339 488 500
236: 239 997
237: 483 756
238: 318 342 417
239: 236 704 745 816 883
240: 727
241: 398 633
242: 110 628
243: 274 421
244: 356 811
245: 214
246: 331 999
247: 15
248: 76 445 455 699
249: 82 666 746
250: 23 453
251: 119
252: 229
253: 159 517 582
254: 70 419
255: 0 78
256: 158 166 214 447
257: 138 755
258: 204
259: 14 827 953 993
260: 137
261: 11
262: 98
263: 18 34 83 169 376
264: 73 211 701 837
265: 78 394 688
266: 68 379
267: 106
268: 171 285 298
269: 76
270: 541
271: 221
272: 161 528 575 645
273: 75
274: 243 656 963
275: 78 676
276: 323 763 904
277: 10 401
278: 63
279: 217 474
280: 349 918
281: 215
282: 159
283: 49 460
284: 7 305 354 642
285: 268 459
286: 87 400 413
287: 199
288: 135
289: 168 484
290: 60 663
291: 0 525 880
292: 235
293: 310
294: 130
295: 313 387 572 889
296: 297 614
297: 168 296 428
298: 268 316
299: 5
300: 162 994
301: 16
302: 709
303: 51
304: 323 910
305: 284 309 433 547 571
306: 187
307: 709
308: 31 848
309: 305 374
310: 117 293
311: 87 123 167 344
312: 113 164 179 215
313: 22 295 418 574 756
314: 205
315: 346 374
316: 298 391 486 518
317: 29
318: 238
319: 585
320: 397 576 598 862
321: 24 535
322: 36 539
323: 276 304 383 690
324: 8
325: 58 713
326: 199 392 654
327: 1 438 797
328: 181 366 596
329: 221
330: 139 351 792
331: 122 246
332: 191 955
333: 126 219 564 820
334: 185 364
335: 102 124 725
336: 157
337: 436 660
338: 95
339: 235
340: 106
341: 7
342: 238
343: 83 393 706 890
344: 311 917
345: 49
346: 315 771
347: 833
348: 43
349: 280 427 463
350: 8 754
351: 330
352: 680
353: 414 424 591 681 721 753
354: 284
355: 39
356: 221 244 461
357: 359 419 715
358: 374 559 679 703
359: 357 767
360: 388
361: 234 432
362: 0
363: 517
364: 334
365: 203 462 599
366: 328 629
367: 468 558 793 990
368: 172
369: 893
370: 113 467
371: 423 541 730
372: 111 693
373: 451
374: 0 309 315 358 784
375: 190
376: 263 985
377: 78
378: 121 439 600
379: 266
380: 139
381: 893
382: 148 682
383: 323
384: 393 470
385: 135
386: 635
387: 295
388: 117 360 646
389: 541
390: 51 446
391: 316 705
392: 326
393: 343 384
394: 265 499
395: 93 476
396: 4 23 427
397: 128 186 320
398: 25 157 241 426 427
399: 80
400: 286 466 577
401: 277
402: 31
403: 201 481 664
404: 43
405: 95 566 807
406: 138 471 694
407: 415 419 494 799
408: 529 586 765
409: 156
410: 165
411: 124
412: 159
413: 286 830
414: 353 587
415: 407
416: 468 762 850
417: 3 136 238 977
418: 313
419: 254 357 407 477
420: 146 523 550
421: 3 243 479 555
422: 155 901
423: 371
424: 353
425: 733 749 775 905
426: 398 454 565
427: 349 396 398 511
428: 297 495
429: 212 496
430: 146 480 873
431: 224 464
432: 361 707
433: 305 683
434: 51
435: 480
436: 109 112 114 221 337 623
437: 709
438: 327
439: 378
440: 64
441: 189
442: 2 716 936
443: 18
444: 27
445: 248 475 969
446: 390
447: 256
448: 153 732
449: 738
450: 72
451: 2 61 373 986
452: 63 97 655 798
453: 250
454: 426
455: 248
456: 547 988
457: 517 981
458: 191
459: 285
460: 283 522
461: 356 648 781 861
462: 365 630
463: 349
464: 431 609
465: 16
466: 400 619 877
467: 370 764
468: 0 197 233 367 416
469: 107 657
470: 384 834
471: 406
472: 229 515
473: 104
474: 279
475: 445 588
476: 395
477: 419
478: 570 770
479: 421 752 843
480: 430 435 915
481: 403 580 757
482: 159 498 647
483: 237
484: 289 858 962
485: 787
486: 316
487: 24 625
488: 235
489: 203
490: 549 682
491: 226
492: 139
493: 602 680
494: 407 722
495: 428
496: 429
497: 12 512
498: 482
499: 394 803
500: 235
501: 200
502: 610 682 831 842
503: 214
504: 201
505: 51
506: 189
507: 40 94 180 678 685
508: 22
509: 154
510: 51 556
511: 427 532
512: 497 788
513: 582
514: 702
515: 31 472 840
516: 28
517: 253 363 457
518: 316
519: 173 966
520: 527 962
521: 38
522: 460
523: 420
524: 1
525: 291 750
526: 39
527: 520
528: 272
529: 149 408
530: 134
531: 8 540
532: 511 825
533: 125
534: 229
535: 321
536: 182
537: 31 659 935
538: 11
539: 322
540: 531
541: 102 270 371 389 689 691 961
542: 43 624
543: 722
544: 1 785
545: 34
546: 152
547: 305 456 734
548: 96
549: 490 592 677 914
550: 420 605
551: 5 768
552: 68 874
553: 137 661
554: 204 667 759
555: 421
556: 510
557: 18 581
558: 367 809
559: 358 912
560: 35
561: 833
562: 42 644 744
563: 22
564: 333
565: 426
566: 405
567: 85
568: 220
569: 223
570: 478
571: 305 634
572: 295
573: 26
574: 313 886
575: 272
576: 320
577: 400 641 776
578: 146 723
579: 216
580: 481 604
581: 557 821
582: 253 513
583: 129
584: 210
585: 171 319
586: 408
587: 414
588: 475
589: 98
590: 8
591: 353 800
592: 549
593: 53 697
594: 8
595: 36
596: 328 695
597: 715
598: 320
599: 365 812
600: 378
601: 201
602: 493 606
603: 225 613
604: 580
605: 550 675
606: 602
607: 624
608: 53
609: 464 922
610: 502 766
611: 64
612: 899 925
613: 603 832
614: 296 982
615: 16
616: 87
617: 45
618: 96
619: 466 717
620: 85 735
621: 134
622: 38 978
623: 436
624: 542 607 907
625: 487
626: 111
627: 149 779
628: 242 773 868
629: 366 640
630: 462
631: 88 898
632: 6
633: 241 900
634: 571
635: 135 136 148 386 729
636: 71
637: 12
638: 741
639: 750
640: 629 700
641: 577
642: 284 979
643: 58
644: 562 937
645: 272
646: 388
647: 482
648: 461 835
649: 23
650: 43
651: 89 838
652: 840
653: 913
654: 326
655: 452 751
656: 274
657: 469
658: 76
659: 537 818
660: 337 972
661: 553 829
662: 785 946
663: 22 290 711 960
664: 403
665: 135
666: 249
667: 554
668: 141 967
669: 709
670: 79 138 139 819
671: 40
672: 676
673: 20 84 229
674: 825
675: 605 698 866
676: 275 672
677: 549 814 911
678: 507
679: 358
680: 194 352 493
681: 0 353
682: 382 490 502
683: 433
684: 69
685: 507
686: 19 21 945 996
687: 823
688: 115 265 859 916
689: 541
690: 323
691: 541
692: 53
693: 372 867
694: 406 815 839 984
695: 596
696: 33
697: 593 965
698: 675 712
699: 248
700: 640 921
701: 264
702: 24 514
703: 358
704: 239
705: 391 760
706: 343
707: 432
708: 6
709: 34 184 302 307 437 669
710: 728
711: 663 743
712: 698 995
713: 325
714: 149
715: 357 597 857
716: 442
717: 619
718: 108
719: 180 892 964
720: 193
721: 353
722: 494 543 841
723: 578
724: 39 855
725: 335
726: 4 143
727: 163 240 847 891
728: 0 94 710
729: 635
730: 24 44 95 371 975
731: 840
732: 448
733: 425 780
734: 547
735: 620
736: 32 55 813
737: 153
738: 13 198 449 948
739: 107
740: 12
741: 96 638
742: 32
743: 711
744: 562
745: 239 870
746: 249
747: 14
748: 212
749: 2 425
750: 525 639
751: 655
752: 228 479
753: 353
754: 350
755: 257
756: 237 313
757: 481 950
758: 119
759: 554 782
760: 705 802
761: 26
762: 416
763: 1 276
764: 467
765: 408
766: 610
767: 359
768: 551
769: 123 987
770: 478 787
771: 346 888
772: 121
773: 628 923
774: 4 22
775: 425
776: 577
777: 205 808
778: 994
779: 627
780: 733
781: 461
782: 759
783: 96
784: 374
785: 544 662
786: 176
787: 4 485 770
788: 512
789: 216
790: 157 869
791: 72
792: 330
793: 367
794: 146
795: 156
796: 9 878
797: 327
798: 452 933 943
799: 407
800: 591
801: 53 817
802: 760 940
803: 499
804: 62 81
805: 5
806: 11
807: 405
808: 777
809: 558
810: 38 105 826
811: 59 244
812: 599 851
813: 736
814: 677
815: 694
816: 239
817: 801
818: 659 882
819: 670 929
820: 333
821: 581
822: 159
823: 209 687 856 872 958
824: 133
825: 532 674 959
826: 810
827: 259
828: 133
829: 661
830: 413
831: 502
832: 613
833: 47 347 561 913
834: 470
835: 648
836: 227
837: 264
838: 651
839: 694
840: 3 515 652 731
841: 722
842: 502 928
843: 479
844: 95
845: 152 190 221
846: 6
847: 727
848: 308 931
849: 66
850: 416
851: 812
852: 93
853: 54
854: 186
855: 724
856: 823
857: 715
858: 484
859: 688
860: 4 5 29 101
861: 461
862: 320
863: 105
864: 146
865: 149
866: 675
867: 693 983
868: 628 939
869: 790
870: 745
871: 34
872: 823
873: 430
874: 552
875: 151
876: 139
877: 466
878: 796 894
879: 34 942
880: 291
881: 58
882: 818
883: 239
884: 222
885: 229
886: 574 956
887: 74
888: 771
889: 295
890: 343
891: 727
892: 719
893: 25 72 369 381
894: 878
895: 165
896: 28
897: 58
898: 87 631
899: 140 192 199 612
900: 633
901: 422
902: 87
903: 106
904: 276
905: 425
906: 191
907: 624
908: 962
909: 913
910: 304
911: 677
912: 559 957
913: 653 833 909 968
914: 549
915: 480
916: 688
917: 344
918: 280
919: 23
920: 42 991
921: 700
922: 609
923: 773
924: 50
925: 612
926: 233
927: 1 150
928: 842
929: 819 934
930: 10
931: 848
932: 997
933: 798 947
934: 929
935: 537
936: 442
937: 644
938: 87
939: 868
940: 802
941: 83 951
942: 879
943: 798
944: 26 107
945: 686
946: 662
947: 933
948: 738
949: 201
950: 757
951: 941
952: 26
953: 259
954: 131
955: 332
956: 886
957: 912
958: 823
959: 825
960: 663
961: 541
962: 484 520 908 974
963: 274
964: 719
965: 697
966: 519
967: 668
968: 913
969: 445
970: 176
971: 96
972: 660
973: 53
974: 962
975: 730
976: 156
977: 417
978: 622
979: 642
980: 95
981: 457
982: 614
983: 867
984: 694
985: 376
986: 451
987: 769
988: 456
989: 218
990: 367
991: 920
992: 202
993: 259
994: 51 71 300 778
995: 712
996: 686
997: 66 161 236 932
998: 96
999: 246