500 2

4 72 21 44 82 16 41 36 46 38 32 39 57 57 21 53 52 84 38 20 68 97 27 19 51 45 66 56 90 64 60 69 82 74 23 74 60 16 97 5 27 68 60 77 28 92 32 81 17 8 40 10 4 71 64 7 96 75 55 62 66 4 51 95 45 79 11 9 12 31 45 77 29 57 53 17 33 65 67 77 58 80 5 38 3 22 89 4 51 52 11 80 25 71 94 15 3 26 39 8 25 48 22 58 43 26 49 96 62 59 18 56 62 33 16 27 93 16 15 69 62 26 27 87 30 45 72 40 39 71 60 36 67 57 32 94 79 3 10 66 93 79 44 37 26 94 43 42 32 66 90 39 58 64 53 70 46 7 84 36 51 79 27 29 94 98 27 34 52 5 86 58 77 73 63 45 32 30 82 48 96 37 21 55 37 44 4 62 61 75 38 91 89 97 5 88 23 98 32 40 64 6 91 35 47 98 15 34 87 36 9 64 1 44 7 48 96 54 57 98 78 12 59 91 58 35 87 76 94 11 69 20 43 21 9 16 54 72 6 35 61 92 77 69 83 67 51 75 20 9 90 22 88 83 49 72 67 16 30 87 96 53 99 64 22 18 14 68 32 10 63 38 57 54 48 56 50 24 32 81 55 6 64 46 26 60 22 1 7 13 56 78 31 17 65 81 53 84 74 44 15 58 65 48 62 36 97 31 58 81 68 21 88 12 21 50 77 90 1 3 18 59 58 38 22 61 57 50 51 49 92 35 25 52 76 18 72 1 22 33 59 67 28 74 87 97 72 33 43 89 80 47 31 49 50 33 10 22 98 26 81 47 77 45 27 18 6 60 98 80 98 33 75 49 41 9 49 20 32 29 75 31 75 13 10 77 16 90 41 68 32 99 27 98 44 52 58 77 24 47 30 100 67 53 55 84 65 86 88 75 74 59 77 22 38 97 55 38 1 39 87 48 31 22 78 89 58 34 29 93 97 37 55 31 44 64 24 79 3 34 86 26 7 85 12 73 19 18 47 25 74 51 91 30 28 61 74 14 14 28 46 78 65 26 16 76 18 38 10 23 87 19 50 97 94 78 8 67 78 10 60 91 46 37 80 64 80 87 8 9 11 71 23 90 54 46 64 5 60 73
0: 1 4 5 8 9 10 19 20 39 41 47 59 80 81 93 96 98 103 111 146 193 196 205 213 250 292 300 302 306 395 401 408 490
1: 0 88 265
2: 15 23 53 69 117 147 197 325 392
3: 201
4: 0
5: 0 18 62 356 440
6: 35 96
7: 12 38 51 96 173 195 424 441
8: 0 14
9: 0 60 67 102 369 385
10: 0 49 229
11: 30 67 72 110 330
12: 7 169 251
13: 23 198
14: 8 97 157 225
15: 2 17 82 106 112 295
16: 72 79 190
17: 15 50 171 423
18: 5 75 355
19: 0
20: 0 68 107
21: 75 100
22: 46 49 277
23: 2 13 29 31 96 140 143 186 320 383
24: 105 121 176
25: 96 124 210 278 479
26: 61
27: 206
28: 85 124 426
29: 23 133
30: 11 64 123
31: 23 33 71
32: 83 157
33: 31 37 54
34: 82 141
35: 6 84 260
36: 196 347
37: 33 128 334 384
38: 7 90 249 484
39: 0 137 156 160 259
40: 143
41: 0 138 366
42: 55 202
43: 96 273
44: 52 143
45: 66
46: 22 139 182
47: 0 76
48: 49 114
49: 10 22 48 109 254
50: 17 136 416
51: 7 89 478
52: 44 456
53: 2 252 403 454
54: 33 332
55: 42 157 293
56: 167 320
57: 96
58: 87 214 265 443
59: 0
60: 9 99 120 125 130 467
61: 26 96 153 172 286 337
62: 5
63: 206 360
64: 30 70
65: 206 296
66: 45 191 198 241 276 491
67: 9 11 154 299
68: 20 129
69: 2 163 389
70: 64 86
71: 31 194 307 313 433
72: 11 16
73: 344 441
74: 102 373
75: 18 21 95 224
76: 47 108 215
77: 148
78: 210 218
79: 16 211 257 451
80: 0 159 165 275
81: 0 221
82: 15 34 118 219 222 226
83: 32 122
84: 35 231
85: 28 115 400
86: 70 166
87: 58
88: 1
89: 51 208 217 497
90: 38 192
91: 151 365
92: 96 289
93: 0 132
94: 214 468
95: 75
96: 0 6 7 23 25 43 57 61 92 174 187 188 240
97: 14 142 145 266 297
98: 0 149 309 410
99: 60
100: 21 212
101: 355 364
102: 9 74
103: 0 144 270
104: 261 441
105: 24 152
106: 15 324
107: 20 264
108: 76 247
109: 49
110: 11 274 368
111: 0 148 387
112: 15 458
113: 187 317
114: 48 164 437
115: 85 488
116: 235
117: 2 281
118: 82
119: 144
120: 60 161
121: 24 475
122: 83 422
123: 30 308
124: 25 28 150 242 472
125: 60 245
126: 490
127: 432 490
128: 37 170
129: 68
130: 60 233
131: 269 462
132: 93 379
133: 29 345
134: 189 304 395
135: 147
136: 50
137: 39 155
138: 41 179 203 248
139: 46 365 398
140: 23 168
141: 34 341
142: 97
143: 23 40 44 404 452
144: 103 119 207 353
145: 97
146: 0 200 227
147: 2 135 331
148: 77 111 238 244 301
149: 98 399
150: 124
151: 91
152: 105 256
153: 61
154: 67 448 483
155: 137 284 372
156: 39 209 326
157: 14 32 55 177
158: 210
159: 80 181
160: 39
161: 120 288
162: 272 490
163: 69
164: 114 463
165: 80 199 246
166: 86 236 462
167: 56 262
168: 140 354
169: 12 336 411
170: 128
171: 17 183 232 350
172: 61 314
173: 7
174: 96 253 357
175: 332
176: 24 343 423
177: 157 351
178: 186
179: 138 495
180: 365 457
181: 159
182: 46 319
183: 171
184: 278
185: 319
186: 23 178
187: 96 113 396
188: 96
189: 134 499
190: 16
191: 66 204 346 430 464
192: 90 220 228
193: 0
194: 71 381 407
195: 7
196: 0 36 271
197: 2 469
198: 13 66 434
199: 165
200: 146 489
201: 3 282 395
202: 42
203: 138
204: 191 268 290 419
205: 0
206: 27 63 65 315 320
207: 144
208: 89
209: 156 439
210: 25 78 158 374 496
211: 79 363
212: 100
213: 0 329
214: 58 94
215: 76
216: 233
217: 89
218: 78 230 386 447
219: 82 312 362
220: 192
221: 81
222: 82 453
223: 258 392
224: 75 234
225: 14
226: 82
227: 146
228: 192
229: 10
230: 218 397 444
231: 84
232: 171
233: 130 216
234: 224
235: 116 395
236: 166 285
237: 319
238: 148
239: 258 429
240: 96 318
241: 66
242: 124
243: 490
244: 148 470 493
245: 125
246: 165
247: 108
248: 138
249: 38
250: 0
251: 12 342
252: 53
253: 174
254: 49
255: 355 390 449
256: 152
257: 79 305
258: 223 239 367
259: 39 267
260: 35 446
261: 104
262: 167 340
263: 469
264: 107
265: 1 58 361
266: 97
267: 259 420
268: 204
269: 131 482
270: 103 376
271: 196 280
272: 162
273: 43
274: 110 283 287 465
275: 80
276: 66 322
277: 22 436
278: 25 184 409 421
279: 471 490
280: 271
281: 117 382 413
282: 201
283: 274 377
284: 155 348
285: 236
286: 61
287: 274 303
288: 161 477
289: 92 438 487
290: 204 327
291: 356
292: 0
293: 55 359
294: 299
295: 15
296: 65
297: 97 417
298: 319 321
299: 67 294 339
300: 0 405
301: 148
302: 0 393
303: 287 335
304: 134
305: 257
306: 0
307: 71
308: 123
309: 98
310: 428 468
311: 365
312: 219
313: 71 375
314: 172 316
315: 206
316: 314
317: 113
318: 240 349
319: 182 185 237 298
320: 23 56 206 391 402
321: 298
322: 276
323: 395
324: 106
325: 2
326: 156
327: 290
328: 377
329: 213
330: 11
331: 147
332: 54 175 485
333: 382
334: 37
335: 303
336: 169 388
337: 61 466
338: 418 468
339: 299
340: 262
341: 141 461
342: 251
343: 176
344: 73
345: 133 442
346: 191
347: 36
348: 284
349: 318
350: 171
351: 177
352: 441
353: 144
354: 168
355: 18 101 255
356: 5 291 371 492
357: 174
358: 471 486
359: 293 370
360: 63
361: 265
362: 219
363: 211
364: 101
365: 91 139 180 311 406
366: 41
367: 258 415
368: 110 435
369: 9
370: 359
371: 356
372: 155
373: 74 378
374: 210
375: 313
376: 270
377: 283 328 427
378: 373
379: 132
380: 396
381: 194
382: 281 333
383: 23
384: 37
385: 9 480
386: 218
387: 111
388: 336
389: 69
390: 255 498
391: 320 394
392: 2 223
393: 302
394: 391
395: 0 134 201 235 323
396: 187 380 425
397: 230
398: 139 473
399: 149
400: 85
401: 0 481
402: 320 412
403: 53
404: 143 455
405: 300 414
406: 365
407: 194
408: 0
409: 278
410: 98
411: 169
412: 402 460
413: 281 474
414: 405
415: 367
416: 50 431
417: 297
418: 338
419: 204
420: 267 445
421: 278
422: 122
423: 17 176
424: 7
425: 396
426: 28 450
427: 377
428: 310
429: 239
430: 191
431: 416
432: 127
433: 71
434: 198
435: 368
436: 277
437: 114
438: 289
439: 209
440: 5
441: 7 73 104 352
442: 345 476
443: 58
444: 230
445: 420
446: 260
447: 218 459
448: 154
449: 255
450: 426
451: 79
452: 143
453: 222
454: 53
455: 404
456: 52
457: 180
458: 112
459: 447
460: 412
461: 341
462: 131 166
463: 164
464: 191
465: 274
466: 337
467: 60
468: 94 310 338
469: 197 263
470: 244
471: 279 358
472: 124
473: 398
474: 413
475: 121
476: 442
477: 288
478: 51
479: 25
480: 385
481: 401
482: 269
483: 154
484: 38
485: 332
486: 358
487: 289
488: 115
489: 200
490: 0 126 127 162 243 279 494
491: 66
492: 356
493: 244
494: 490
495: 179
496: 210
497: 89
498: 390
499: 189