250 6

8 28 68 54 12 29 43 79 62 28 8 35 64 69 70 87 7 37 9 85 57 90 57 91 83 81 53 91 54 11 41 68 71 94 36 6 71 18 71 50 70 55 41 17 89 20 18 11 45 62 47 43 71 20 61 97 83 54 22 47 60 92 46 17 33 7 56 33 95 63 70 3 27 37 24 55 73 12 57 22 62 65 31 42 14 26 4 42 18 33 92 47 41 37 84 40 31 57 35 83 84 85 91 72 48 69 16 9 77 100 40 52 44 65 39 70 69 64 31 60 97 42 48 21 28 18 61 35 62 57 15 10 90 98 85 65 74 56 23 16 87 96 8 82 48 85 16 100 24 66 33 36 32 55 12 90 30 63 43 84 57 85 48 11 99 56 48 1 92 77 96 66 79 41 58 39 23 14 50 32 43 79 41 61 41 49 79 16 26 87 64 76 34 57 95 12 90 29 85 19 4 42 27 80 100 48 45 85 16 29 86 99 66 14 27 13 93 56 44 16 38 10 77 23 99 95 89 85 8 25 70 18 72 20 1 98 59 8 72 88 35 55 100 58 30 78 87 33 97 45
0: 1 21 28 30 31 37 38 45 62 77 81 103 111 116 118 120 122 125 127 128 142 158 168 215 220 248
1: 0 10 57 135 150 202
2: 35
3: 4 54 124 167
4: 3 6 7 9 15 17 20 170
5: 8 11 32 125
6: 4 146
7: 4 34 221
8: 5 42 49
9: 4 80 127
10: 1 27 47 51 55 126 140 143 148
11: 5 12
12: 11 195
13: 37 133 222
14: 16 79
15: 4 29 88 242
16: 14 71 74 85 151 190 203
17: 4 25 90 119 154
18: 22 45 67 112
19: 167 236
20: 4 39
21: 0 36
22: 18 26 69 92 101
23: 40 42 123
24: 37
25: 17 48 113 161 217
26: 22 208
27: 10 230
28: 0 121
29: 15 84 156
30: 0 59 96
31: 0 108 109
32: 5
33: 46 179
34: 7 83
35: 2 62 218
36: 21 43
37: 0 13 24 100 138
38: 0
39: 20 188
40: 23 104
41: 97 128 233
42: 8 23 152
43: 36 63 205 211
44: 62 183
45: 0 18 76
46: 33 98 129 193
47: 10 64 65
48: 25 141
49: 8 196 246
50: 62
51: 10 58
52: 79
53: 139
54: 3 56
55: 10
56: 54
57: 1
58: 51 238 249
59: 30 91 231
60: 62 94
61: 87
62: 0 35 44 50 60 68 70 245
63: 43
64: 47 130
65: 47 82
66: 125 172
67: 18 106
68: 62
69: 22
70: 62 95 207
71: 16 135
72: 231
73: 107
74: 16
75: 131
76: 45
77: 0 129 204
78: 86 240 243
79: 14 52
80: 9 178
81: 0 185
82: 65 247
83: 34 228
84: 29
85: 16
86: 78 89 96 102 147
87: 61 188
88: 15 99
89: 86 93 169
90: 17
91: 59 200
92: 22
93: 89 223
94: 60 163
95: 70
96: 30 86
97: 41
98: 46 176
99: 88 181 209
100: 37 136 225
101: 22
102: 86
103: 0 197
104: 40 162
105: 144 244
106: 67 160
107: 73 148
108: 31
109: 31
110: 208
111: 0 164
112: 18 137 145 149
113: 25 187
114: 129 132
115: 150
116: 0 155
117: 192
118: 0 227
119: 17 134 201
120: 0
121: 28
122: 0 212
123: 23
124: 3 175 239
125: 0 5 66 159 174
126: 10
127: 0 9 131 191
128: 0 41
129: 46 77 114
130: 64
131: 75 127
132: 114 214
133: 13 189
134: 119
135: 1 71
136: 100 224
137: 112
138: 37 229
139: 53 148
140: 10 180
141: 48
142: 0 210
143: 10
144: 105 171
145: 112 157
146: 6
147: 86
148: 10 107 139
149: 112 165 166
150: 1 115
151: 16
152: 42 182 186
153: 214
154: 17
155: 116 219
156: 29
157: 145
158: 0
159: 125
160: 106
161: 25
162: 104 173
163: 94 198
164: 111
165: 149
166: 149 232
167: 3 19
168: 0
169: 89 177
170: 4
171: 144 184
172: 66
173: 162
174: 125
175: 124
176: 98
177: 169 194
178: 80
179: 33 206 216 237
180: 140
181: 99
182: 152
183: 44
184: 171
185: 81
186: 152
187: 113
188: 39 87 199 244
189: 133
190: 16
191: 127
192: 117 223
193: 46
194: 177
195: 12 213
196: 49
197: 103
198: 163
199: 188 241
200: 91 226
201: 119
202: 1
203: 16
204: 77
205: 43
206: 179
207: 70
208: 26 110
209: 99
210: 142
211: 43
212: 122
213: 195
214: 132 153
215: 0
216: 179 234
217: 25
218: 35
219: 155 235
220: 0
221: 7
222: 13
223: 93 192
224: 136
225: 100
226: 200
227: 118
228: 83
229: 138
230: 27
231: 59 72
232: 166
233: 41
234: 216
235: 219
236: 19
237: 179
238: 58
239: 124
240: 78
241: 199
242: 15
243: 78
244: 105 188
245: 62
246: 49
247: 82
248: 0
249: 58