1000 3

61 65 86 83 83 26 92 8 95 50 30 79 94 3 76 36 17 21 67 55 31 44 49 75 40 75 62 64 60 91 73 37 42 88 22 65 88 36 36 5 42 94 83 66 21 78 77 38 78 5 11 78 82 64 70 23 86 55 91 76 3 97 6 81 48 43 32 87 96 53 10 64 1 78 90 29 66 64 42 12 56 36 44 40 15 78 65 48 64 57 59 37 80 79 78 46 26 90 22 12 93 60 40 43 77 20 14 58 11 33 44 52 68 70 78 23 66 62 38 69 35 41 40 26 71 54 59 85 57 90 48 15 52 39 77 29 9 12 71 93 7 21 36 42 15 35 77 46 91 30 49 28 55 81 50 42 16 93 42 47 46 51 97 87 69 45 30 6 65 61 6 45 90 34 37 82 76 95 75 82 41 42 46 31 61 62 47 38 28 42 86 16 29 97 77 10 21 41 71 2 30 40 41 74 54 41 77 1 6 71 92 38 74 37 35 33 61 41 74 76 93 79 28 64 13 37 76 60 71 64 28 84 19 94 83 75 72 93 39 56 44 66 42 73 45 45 10 70 69 21 4 56 46 59 95 40 80 11 58 74 76 58 46 24 21 97 7 90 93 45 64 6 49 44 58 40 90 68 70 34 88 44 56 21 70 73 54 76 74 76 75 6 29 69 96 13 68 34 100 54 12 19 62 29 98 43 37 48 3 76 29 45 7 63 33 56 10 66 13 31 80 99 1 51 77 12 80 74 16 85 66 29 70 62 62 24 64 45 76 32 64 5 38 51 2 42 26 63 7 99 37 15 53 98 12 92 57 3 10 61 39 17 54 14 42 54 7 24 3 86 99 11 15 78 45 26 40 25 75 31 89 21 7 5 24 4 58 21 51 51 8 50 70 49 72 68 46 91 49 90 94 33 6 60 58 72 71 26 39 6 62 63 6 26 57 59 62 16 96 97 79 20 5 96 39 88 57 57 74 12 62 13 71 63 65 96 88 80 53 45 14 26 95 83 22 41 72 84 9 7 28 78 31 34 71 38 3 56 4 30 96 76 66 28 68 89 90 65 90 48 5 76 21 87 21 63 80 49 31 90 55 56 62 30 37 44 37 64 59 33 41 92 95 5 15 18 70 98 28 93 32 39 38 50 75 35 59 70 73 17 42 81 60 7 61 58 52 50 41 39 36 88 37 85 88 87 68 35 75 37 75 41 79 46 80 98 64 94 22 82 79 62 24 66 91 60 36 96 66 79 72 61 48 32 32 88 48 32 90 80 5 75 29 83 28 82 8 22 6 47 14 67 87 55 23 39 57 31 11 37 84 97 89 13 59 89 58 13 1 7 37 39 37 13 81 78 85 67 39 62 100 48 20 50 96 16 15 21 72 13 13 84 48 41 10 55 60 19 95 84 54 40 60 17 11 37 83 9 96 19 59 67 80 11 82 82 41 38 18 32 72 53 42 50 39 12 89 4 78 8 42 80 99 93 91 54 54 22 25 78 21 41 15 95 84 58 62 66 32 78 22 96 90 47 34 73 90 24 16 49 64 28 41 10 29 94 77 11 54 28 46 18 12 84 62 48 18 91 3 80 50 39 36 14 23 69 70 69 11 51 92 28 93 40 39 91 35 6 57 54 13 72 42 33 69 62 70 71 3 49 55 80 86 40 37 100 83 42 75 21 90 15 70 14 23 47 84 28 91 25 63 49 64 88 94 95 31 56 67 76 51 62 52 15 58 97 10 37 18 5 21 79 65 49 8 53 45 42 71 35 10 16 24 8 51 1 42 74 18 66 27 8 10 72 61 53 41 93 24 89 75 92 93 83 46 65 6 80 9 17 9 51 83 41 98 24 84 3 54 28 44 72 96 6 94 78 2 28 45 58 18 71 99 92 99 36 67 82 42 66 100 89 63 97 54 35 64 65 67 2 27 48 32 64 68 42 39 32 32 71 72 95 38 57 70 77 31 17 14 97 78 97 34 58 81 49 17 28 8 2 40 44 87 6 27 6 14 49 3 69 52 8 59 25 38 68 48 9 59 47 38 12 73 3 20 18 24 73 47 65 100 8 90 33 48 89 12 56 56 59 45 80 19 97 81 22 66 44 30 40 69 84 93 71 97 53 97 55 46 80 69 39 92 81 45 35 4 42 9 1 61 100 31 2 91 76 74 87 81 71 82 65 69 65 97 84 28 47 52 56 94 57 53 84 57 3 44 26 53 93 82 80 45 44 11 19 64 96 87 3 77 42 7 28 98 92 76 78 30 76
0: 703
1: 5
2: 7
3: 7
4: 7
5: 1 6 7
6: 5
7: 2 3 4 5 10 851
8: 13
9: 13
10: 7 13
11: 610
12: 13
13: 8 9 10 12 14 15 16 17 18
14: 13
15: 13
16: 13 19 20
17: 13 22
18: 13
19: 16
20: 16 24 25
21: 137 756
22: 17
23: 24
24: 20 23 27
25: 20
26: 31
27: 24
28: 31
29: 34
30: 34
31: 26 28 34
32: 34
33: 34
34: 29 30 31 32 33 39
35: 39
36: 39
37: 39
38: 39
39: 34 35 36 37 38 41 42 43 44 754
40: 371
41: 39
42: 39
43: 39
44: 39 48 49 135
45: 49
46: 975
47: 49
48: 44
49: 44 45 47 50 51 52 53 403 919
50: 49 54 55
51: 49
52: 49
53: 49
54: 50
55: 50 60 487
56: 60
57: 60
58: 60
59: 72
60: 55 56 57 58 61 62 64 65 282
61: 60
62: 60 63 66
63: 62
64: 60
65: 60
66: 62 70
67: 72
68: 70
69: 72
70: 66 68 72 75
71: 72
72: 59 67 69 70 71 73 74 76 734
73: 72
74: 72
75: 70 79
76: 72
77: 79
78: 371
79: 75 77 80 81 82 83 84
80: 79
81: 79
82: 79
83: 79
84: 79 85 87 88 89 949
85: 84
86: 431
87: 84
88: 84
89: 84
90: 91
91: 90 96
92: 96
93: 98
94: 99
95: 99
96: 91 92 99
97: 99
98: 93 99 348
99: 94 95 96 97 98 100 101 102
100: 99
101: 99
102: 99 106
103: 250
104: 108
105: 108
106: 102 108 392 521
107: 108
108: 104 105 106 107 109 110 111 112 113
109: 108
110: 108
111: 108
112: 108
113: 108
114: 560
115: 116 117 118 119 120
116: 115
117: 115
118: 115 578
119: 115
120: 115 123
121: 123
122: 123
123: 120 121 122 124 125
124: 123
125: 123
126: 131
127: 366
128: 440
129: 131
130: 131
131: 126 129 130 136
132: 136
133: 136
134: 136
135: 44 140
136: 131 132 133 134 138 140 141
137: 21 140 606
138: 136
139: 140
140: 135 136 137 139 142 143 144 145 241 650
141: 136
142: 140
143: 140
144: 140 146 148 149
145: 140
146: 144
147: 151
148: 144
149: 144
150: 249
151: 147 879
152: 156
153: 156
154: 156
155: 156
156: 152 153 154 155 157 158 159 160 161 429 495
157: 156
158: 156
159: 156
160: 156
161: 156
162: 166
163: 167
164: 167
165: 167
166: 162 167
167: 163 164 165 166 168 169 170 171 172 948
168: 167
169: 167
170: 167 173 174 175
171: 167
172: 167
173: 170 177
174: 170
175: 170
176: 948
177: 173
178: 183
179: 183
180: 183
181: 183
182: 183 548
183: 178 179 180 181 182 188
184: 188
185: 188
186: 191
187: 191
188: 183 184 185 191
189: 191
190: 449
191: 186 187 188 189 195
192: 195
193: 195
194: 199
195: 191 192 193 196
196: 195 199 549 823
197: 199
198: 341
199: 194 196 197 200 201 202 203
200: 199
201: 199
202: 199 207 529
203: 199
204: 207
205: 207
206: 208
207: 202 204 205 208 209 210 211 776
208: 206 207 212 265
209: 207
210: 207
211: 207 215
212: 208
213: 215
214: 215 729
215: 211 213 214 216
216: 215
217: 222
218: 222
219: 224
220: 224
221: 222
222: 217 218 221 225
223: 224
224: 219 220 223 225 226 227 229 780
225: 222 224
226: 224
227: 224
228: 948
229: 224
230: 560
231: 232
232: 231 233 234 235 236 379
233: 232
234: 232
235: 232
236: 232
237: 238
238: 237 239 240 242
239: 238
240: 238
241: 140
242: 238 246
243: 246
244: 246
245: 250
246: 242 243 244 247 250
247: 246
248: 953
249: 150 250 830
250: 103 245 246 249 251 252 253 254 255
251: 250
252: 250
253: 250
254: 250
255: 250 257
256: 257
257: 255 256 259 260 452 854
258: 458
259: 257
260: 257
261: 266
262: 266 589
263: 266
264: 266
265: 208
266: 261 262 263 264 271
267: 271
268: 588
269: 271
270: 271
271: 266 267 269 270 273 275 276
272: 553
273: 271
274: 817
275: 271 279
276: 271
277: 279
278: 283
279: 275 277
280: 283
281: 283 285
282: 60
283: 278 280 281 284 925
284: 283
285: 281
286: 291
287: 291
288: 291
289: 291
290: 291
291: 286 287 288 289 290 292 294 295 296 421 629
292: 291
293: 295
294: 291
295: 291 293 300
296: 291
297: 300
298: 300
299: 300
300: 295 297 298 299 301 302 303 305
301: 300
302: 300
303: 300 308
304: 308
305: 300
306: 308
307: 308
308: 303 304 306 307 309 311 312 313 315 336
309: 308
310: 312
311: 308
312: 308 310 314 316
313: 308
314: 312
315: 308
316: 312 318
317: 322
318: 316 322
319: 322
320: 322
321: 322
322: 317 318 319 320 321 323 324 325 326 327
323: 322
324: 322
325: 322 328 329
326: 322
327: 322
328: 325 330 331 332 333
329: 325
330: 328
331: 328 335
332: 328
333: 328
334: 335
335: 331 334 933
336: 308
337: 341
338: 341
339: 344 856
340: 344
341: 198 337 338 343 344 573
342: 344
343: 341
344: 339 340 341 342 346 347 348 349
345: 989
346: 344
347: 344
348: 98 344 350 351
349: 344
350: 348
351: 348 354 506
352: 354
353: 357
354: 351 352 357
355: 357
356: 357
357: 353 354 355 356 358 359 362 420
358: 357 360 363
359: 357
360: 358
361: 366
362: 357
363: 358 368
364: 368
365: 368
366: 127 361 368
367: 368 937
368: 363 364 365 366 367 369 370 371 372 373
369: 368
370: 368
371: 40 78 368 374 375
372: 368 376 377
373: 368
374: 371
375: 371
376: 372
377: 372 382 791
378: 383
379: 232 383
380: 385
381: 385
382: 377 385 985
383: 378 379 385 901
384: 385 509 998
385: 380 381 382 383 384 386 387 388 389 390
386: 385
387: 385
388: 385
389: 385
390: 385 391 393 394 395
391: 390
392: 106
393: 390
394: 390
395: 390
396: 401
397: 402
398: 401
399: 402
400: 402
401: 396 398 993
402: 397 399 400 404 406 407
403: 49
404: 402
405: 888
406: 402
407: 402 409
408: 409
409: 407 408 410 411 412 413 414 660 683
410: 409
411: 409
412: 409 415 417 617
413: 409
414: 409
415: 412
416: 417
417: 412 416 419 422 931
418: 422
419: 417
420: 357
421: 291 422
422: 417 418 421 423 424 425 426 427 447 627
423: 422
424: 422
425: 422
426: 422
427: 422
428: 429
429: 156 428 430 431 432 433
430: 429
431: 86 429 435
432: 429
433: 429
434: 766
435: 431
436: 440
437: 440
438: 440
439: 440
440: 128 436 437 438 439 441 443 444
441: 440 442
442: 441
443: 440
444: 440 449
445: 449
446: 449
447: 422
448: 449 803
449: 190 444 445 446 448 450 452
450: 449
451: 456
452: 257 449 456
453: 456
454: 456
455: 456
456: 451 452 453 454 455 457 459 460 461
457: 456
458: 258 459 462 463
459: 456 458
460: 456
461: 456
462: 458
463: 458 464
464: 463
465: 470
466: 470
467: 470
468: 470
469: 470
470: 465 466 467 468 469 471 472 473 474 842
471: 470
472: 470 475 476 477
473: 470
474: 470 478 479
475: 472
476: 472
477: 472
478: 474 483 587
479: 474
480: 483
481: 483
482: 483
483: 478 480 481 482 486
484: 578
485: 489
486: 483
487: 55
488: 493
489: 485 493
490: 493
491: 493
492: 493
493: 488 489 490 491 492 494 495 496 497 498
494: 493 499
495: 156 493 500
496: 493
497: 493
498: 493 501 503
499: 494
500: 495 823
501: 498
502: 830
503: 498
504: 509
505: 509
506: 351
507: 509
508: 513
509: 384 504 505 507 510
510: 509 513
511: 513
512: 513
513: 508 510 511 512 514 515 517 518
514: 513
515: 513
516: 806
517: 513
518: 513 520
519: 520
520: 518 519 522 525
521: 106
522: 520 527
523: 527
524: 527
525: 520
526: 527
527: 522 523 524 526
528: 566
529: 202 531
530: 866
531: 529 535
532: 741
533: 538
534: 538
535: 531
536: 538
537: 538
538: 533 534 536 537 539 540 541 542 593
539: 538
540: 538
541: 538
542: 538 543 544 547
543: 542
544: 542
545: 546
546: 545 817
547: 542
548: 182
549: 196
550: 553
551: 553
552: 553
553: 272 550 551 552 554 555 557
554: 553
555: 553
556: 560
557: 553 560
558: 560
559: 560
560: 114 230 556 557 558 559 561 562 563 564 565
561: 560
562: 560
563: 560
564: 560 568
565: 560
566: 528 568
567: 568 959
568: 564 566 567 569 570 571 572 706
569: 568
570: 568 574 866
571: 568
572: 568
573: 341
574: 570 578
575: 578 785
576: 578
577: 578
578: 118 484 574 575 576 577 580 582 583
579: 583
580: 578
581: 583
582: 578
583: 578 579 581 588
584: 588
585: 588
586: 588
587: 478 588
588: 268 583 584 585 586 587 589 590 591 592 593
589: 262 588 594
590: 588
591: 588
592: 588
593: 538 588 595 596 597 598
594: 589
595: 593
596: 593
597: 593
598: 593
599: 602
600: 605
601: 984
602: 599 606
603: 606
604: 609
605: 600 609
606: 137 602 603 609
607: 609
608: 609
609: 604 605 606 607 608 614
610: 11 614
611: 614
612: 614
613: 614
614: 609 610 611 612 613 615 616 617 618 619
615: 614
616: 614
617: 412 614
618: 614
619: 614
620: 623
621: 624
622: 627
623: 620 627
624: 621 627 628 897
625: 627
626: 627
627: 422 622 623 624 625 626 630 632
628: 624
629: 291 633
630: 627
631: 749
632: 627
633: 629 634 636 637 638
634: 633
635: 766
636: 633
637: 633
638: 633 639
639: 638
640: 645
641: 645
642: 647
643: 647
644: 647
645: 640 641 647
646: 647
647: 642 643 644 645 646 648 649 650 651 652
648: 647
649: 647 653 654
650: 140 647
651: 647
652: 647
653: 649
654: 649
655: 660
656: 660
657: 660 662
658: 662
659: 662
660: 409 655 656 657
661: 911
662: 657 658 659 663 664 665 666
663: 662
664: 662
665: 662
666: 662
667: 891
668: 670
669: 670
670: 668 669 671 674
671: 670
672: 949
673: 678
674: 670 678
675: 678
676: 678
677: 678
678: 673 674 675 676 677 683
679: 683
680: 683
681: 683
682: 683
683: 409 678 679 680 681 682 684 685 686 687
684: 683
685: 683
686: 683
687: 683 688 690 691 692
688: 687
689: 692
690: 687
691: 687
692: 687 689 696
693: 698
694: 698
695: 698
696: 692 698 967
697: 698
698: 693 694 695 696 697 699 700 701 702 703
699: 698
700: 698
701: 698 938
702: 698
703: 0 698 708 769
704: 708 709
705: 708
706: 568
707: 708
708: 703 704 705 707 710 711
709: 704
710: 708
711: 708
712: 717
713: 717
714: 717
715: 720
716: 717
717: 712 713 714 716 718 719 720 721 722
718: 717
719: 717
720: 715 717 723 725
721: 717
722: 717
723: 720 728 838 868
724: 728
725: 720
726: 728
727: 728
728: 723 724 726 727 730 731 732 733
729: 214
730: 728
731: 728
732: 728
733: 728
734: 72 739
735: 739
736: 741
737: 741
738: 741
739: 734 735 743
740: 741
741: 532 736 737 738 740 743 744
742: 743
743: 739 741 742 745 746 747 748
744: 741 749
745: 743
746: 743
747: 743
748: 743
749: 631 744 750 751 752 753
750: 749
751: 749
752: 749
753: 749
754: 39
755: 756
756: 21 755 757
757: 756
758: 763
759: 763
760: 763
761: 766
762: 766
763: 758 759 760 766
764: 769
765: 769
766: 434 635 761 762 763 768 769
767: 769
768: 766
769: 703 764 765 766 767 771 773 774 971
770: 774 837
771: 769
772: 774
773: 769
774: 769 770 772 775 777 778 779
775: 774
776: 207
777: 774
778: 774
779: 774
780: 224 783
781: 783 785 817
782: 785
783: 780 781
784: 785
785: 575 781 782 784 786 787 788 789 790
786: 785
787: 785
788: 785 792
789: 785
790: 785
791: 377 792 793 794 796
792: 788 791 795 797
793: 791
794: 791
795: 792
796: 791 798
797: 792
798: 796 799 800
799: 798
800: 798
801: 806
802: 806
803: 448
804: 806
805: 806
806: 516 801 802 804 805 807 808 809 810 811
807: 806
808: 806
809: 806
810: 806 815
811: 806
812: 817
813: 817
814: 817
815: 810 817
816: 817
817: 274 546 781 812 813 814 815 816 818 819 820 821
818: 817
819: 817 823
820: 817
821: 817
822: 826
823: 196 500 819 826
824: 826
825: 826
826: 822 823 824 825 827 828 829 831
827: 826 830
828: 826
829: 826
830: 249 502 827 832 834 835
831: 826
832: 830
833: 835
834: 830
835: 830 833 836 839
836: 835
837: 770
838: 723 843
839: 835
840: 845
841: 845
842: 470
843: 838
844: 849
845: 840 841 849
846: 849
847: 849
848: 849
849: 844 845 846 847 848 851 852 853 887
850: 852 855
851: 7 849
852: 849 850 857
853: 849
854: 257
855: 850
856: 339
857: 852 858 859 860
858: 857 861
859: 857
860: 857
861: 858
862: 867
863: 868
864: 868
865: 868
866: 530 570 868
867: 862 868 872
868: 723 863 864 865 866 867 869 870 871
869: 868
870: 868
871: 868
872: 867
873: 878
874: 879
875: 879
876: 879
877: 879
878: 873 879
879: 151 874 875 876 877 878 880 881 883 884
880: 879
881: 879
882: 883
883: 879 882 888
884: 879
885: 888
886: 888
887: 849 888
888: 405 883 885 886 887 889 890 891 892 893
889: 888
890: 888
891: 667 888 894 896
892: 888
893: 888 897
894: 891
895: 897
896: 891
897: 624 893 895 901 976
898: 903
899: 903
900: 903
901: 383 897 903
902: 903
903: 898 899 900 901 902 904 905 906 907
904: 903
905: 903
906: 903 911
907: 903
908: 911
909: 911
910: 911
911: 661 906 908 909 910 912 913 914 915 916
912: 911
913: 911
914: 911
915: 911
916: 911 917 918 920 921
917: 916
918: 916
919: 49
920: 916 922
921: 916
922: 920 923 924 925 926 927
923: 922
924: 922
925: 283 922 928 929 930 960
926: 922
927: 922
928: 925 932
929: 925 934
930: 925
931: 417
932: 928
933: 335
934: 929
935: 938
936: 941
937: 367
938: 701 935
939: 941
940: 945
941: 936 939 946
942: 946
943: 946
944: 949
945: 940 949
946: 941 942 943 947 949
947: 946
948: 167 176 228 953
949: 84 672 944 945 946 951 952 953 954
950: 953
951: 949
952: 949 955
953: 248 948 949 950 956 957 958
954: 949
955: 952
956: 953
957: 953
958: 953
959: 567
960: 925
961: 966
962: 966
963: 966
964: 966
965: 966
966: 961 962 963 964 965 967 968 969
967: 696 966
968: 966
969: 966
970: 975
971: 769 975
972: 975
973: 975
974: 975
975: 46 970 971 972 973 974 977 979 980
976: 897
977: 975 978
978: 977
979: 975
980: 975
981: 984
982: 985
983: 984
984: 601 981 983 985 989
985: 382 982 984
986: 989
987: 989
988: 989
989: 345 984 986 987 988 990 991 992 993 994
990: 989
991: 989
992: 989 995 996 997
993: 401 989
994: 989
995: 992
996: 992
997: 992
998: 384 999
999: 998