250 5

42 95 71 76 35 28 61 15 11 87 65 4 21 84 92 90 92 59 34 60 16 77 82 69 38 55 97 24 99 14 58 1 81 50 44 95 8 22 15 53 18 95 60 92 77 28 37 16 69 90 85 45 54 40 36 99 31 50 45 39 36 51 73 1 44 4 46 58 65 91 54 59 50 6 40 41 25 54 68 65 70 81 11 97 34 75 64 20 85 78 83 80 47 54 62 67 6 89 21 23 1 49 11 71 80 42 12 89 25 60 37 4 19 28 11 18 65 6 50 35 23 43 93 13 21 98 80 46 34 59 79 93 47 50 2 39 83 1 7 16 71 64 30 77 89 44 59 37 27 26 47 22 58 21 82 20 60 27 13 22 92 16 41 82 80 71 76 62 71 33 68 99 7 31 65 39 43 28 97 13 71 49 47 33 90 84 8 8 60 66 26 71 62 11 6 14 33 72 74 19 15 61 40 45 3 66 76 13 93 62 75 63 99 69 59 4 1 72 90 96 70 5 54 31 43 77 14 65 22 77 21 81 58 42 36 34 41 46 48 37 74 34 36 17 97 25 11 2 79 16
0: 134 247
1: 247
2: 247
3: 8
4: 7
5: 8
6: 11
7: 4 11
8: 3 5 11 13 135
9: 11
10: 11
11: 6 7 8 9 10 12 15 16 185
12: 11
13: 8
14: 123
15: 11
16: 11
17: 20
18: 20 21
19: 20
20: 17 18 19 23 24 131
21: 18
22: 216
23: 20
24: 20 27
25: 29
26: 31
27: 24 29 31
28: 31
29: 25 27
30: 31
31: 26 27 28 30 32 33 34 35 36 162
32: 31
33: 31
34: 31
35: 31
36: 31 37 38 39 40 150
37: 36 239
38: 36 41 42 43
39: 36
40: 36 45
41: 38
42: 38
43: 38
44: 47
45: 40 47 50
46: 47
47: 44 45 46 48 49 51 52
48: 47
49: 47
50: 45
51: 47
52: 47
53: 56
54: 56
55: 56
56: 53 54 55 57 200
57: 56
58: 63
59: 63
60: 63
61: 63
62: 63
63: 58 59 60 61 62 64 65 66 67 68
64: 63
65: 63 69 70 127
66: 63
67: 63
68: 63
69: 65
70: 65
71: 76
72: 73 114
73: 72 74 75 76 77 78
74: 73
75: 73
76: 71 73
77: 73 82
78: 73
79: 82
80: 82
81: 82
82: 77 79 80 81 84 85 86 87
83: 87
84: 82
85: 82
86: 82
87: 82 83 88
88: 87
89: 100
90: 193
91: 96
92: 96
93: 96
94: 96
95: 100
96: 91 92 93 94 100 180
97: 100
98: 100
99: 100
100: 89 95 96 97 98 99 101 102 104 105
101: 100
102: 100 103 106
103: 102
104: 100
105: 100
106: 102 111 215
107: 111
108: 111
109: 111
110: 111
111: 106 107 108 109 110 112 113 115 116
112: 111
113: 111
114: 72 117 228
115: 111 117 204
116: 111
117: 114 115 118 119 120 121 122
118: 117
119: 117
120: 117 123
121: 117
122: 117
123: 14 120 124 126 127 128
124: 123 125
125: 124
126: 123
127: 65 123
128: 123
129: 134
130: 134
131: 20
132: 137
133: 137
134: 0 129 130 136 138
135: 8 137
136: 134
137: 132 133 135 138 139 140 141
138: 134 137 142 143 182
139: 137 144
140: 137
141: 137
142: 138
143: 138
144: 139
145: 149
146: 207
147: 151
148: 153
149: 145 153
150: 36
151: 147 155
152: 155
153: 148 149 158
154: 158
155: 151 152 158
156: 158
157: 158
158: 153 154 155 156 157 159 160 161 162 163
159: 158
160: 158
161: 158 164 165 166
162: 31 158
163: 158
164: 161
165: 161
166: 161
167: 172
168: 172
169: 172
170: 172
171: 172
172: 167 168 169 170 171 173 174 175 176 177
173: 172
174: 172
175: 172
176: 172
177: 172 179
178: 179
179: 177 178 183
180: 96
181: 186
182: 138
183: 179 221
184: 186
185: 11
186: 181 184 187 188 190
187: 186
188: 186
189: 194
190: 186 193
191: 194
192: 194
193: 90 190 194
194: 189 191 192 193 195 196 197 198
195: 194 221
196: 194
197: 194
198: 194
199: 204
200: 56 204
201: 204
202: 204
203: 204
204: 115 199 200 201 202 203 205 206 207 209
205: 204
206: 204
207: 146 204 210
208: 246
209: 204
210: 207
211: 216
212: 215
213: 216
214: 216
215: 106 212 216 217
216: 22 211 213 214 215 218 219 220 221 245
217: 215
218: 216
219: 216
220: 216
221: 183 195 216 222 224 225 226
222: 221
223: 226
224: 221
225: 221
226: 221 223 227 229 230 231
227: 226
228: 114
229: 226
230: 226 232 233 234 235
231: 226
232: 230
233: 230
234: 230
235: 230 236 237 238
236: 235
237: 235
238: 235
239: 37 243
240: 243
241: 246
242: 247
243: 239 240 247
244: 247
245: 216 247
246: 208 241 247
247: 0 1 2 242 243 244 245 246 248 249
248: 247
249: 247