250 2

22 69 18 65 89 30 17 89 93 63 84 53 52 67 81 7 58 46 98 14 62 50 66 50 52 14 43 79 99 57 15 43 99 52 21 24 47 79 4 74 48 34 34 75 13 51 23 96 58 33 76 67 6 65 76 82 60 80 24 86 81 20 36 57 88 76 48 18 23 16 28 59 46 4 63 97 28 54 1 14 25 35 91 94 69 6 27 76 59 33 50 73 96 19 78 8 28 55 31 41 68 37 84 62 35 12 38 10 92 45 73 27 35 15 94 10 54 25 40 81 93 66 10 100 62 95 60 4 93 75 80 43 30 14 98 93 42 92 86 92 71 71 24 21 71 34 31 77 58 85 63 58 35 7 81 87 35 92 54 60 93 16 38 28 59 37 20 46 14 75 51 44 22 54 86 2 88 39 59 90 91 6 100 74 44 17 68 29 95 33 18 65 29 91 7 88 95 62 98 42 64 27 55 93 80 67 18 40 99 34 40 67 41 34 44 61 16 54 50 69 35 10 16 16 41 33 51 78 98 14 67 16 43 79 67 51 8 71 78 25 25 45 23 96 59 18 49 8 49 28
0: 112 247
1: 247
2: 4 6 59 247
3: 181
4: 2
5: 44
6: 2 7 8 9
7: 6
8: 6
9: 6
10: 15
11: 15
12: 15
13: 17
14: 15
15: 10 11 12 14 16 17 18 19 20 41
16: 15
17: 13 15
18: 15
19: 15 21 22 23 24
20: 15
21: 19
22: 19
23: 19
24: 19
25: 26 27 28 30 46
26: 25
27: 25
28: 25
29: 85
30: 25 31 32 34
31: 30
32: 30
33: 38
34: 30 38
35: 38
36: 38
37: 38
38: 33 34 35 36 37 39 40 41 42 43
39: 38
40: 38
41: 15 38 44
42: 38
43: 38
44: 5 41 45 48 49 135 230
45: 44
46: 25 50 143
47: 52
48: 44
49: 44 52
50: 46
51: 52
52: 47 49 51 53 54 56 57 89 203
53: 52
54: 52
55: 58
56: 52
57: 52
58: 55 61
59: 2
60: 61
61: 58 60 175
62: 67
63: 67
64: 69
65: 127
66: 115
67: 62 63 69 139 222
68: 73
69: 64 67 70 71 73
70: 69
71: 69
72: 73
73: 68 69 72 74 78
74: 73
75: 78
76: 78
77: 78
78: 73 75 76 77 79 80 81 82 83
79: 78
80: 78
81: 78 85
82: 78
83: 78
84: 85
85: 29 81 84 86 87 88 89 90 110
86: 85 207
87: 85
88: 85
89: 52 85 93
90: 85
91: 93
92: 95
93: 89 91 95
94: 95
95: 92 93 94 96 97 98 99 100
96: 95
97: 95
98: 95
99: 95
100: 95
101: 105
102: 107
103: 242
104: 107
105: 101 107 108
106: 107
107: 102 104 105 106 109 111 112
108: 105
109: 107
110: 85
111: 107 115
112: 0 107
113: 114 115
114: 113
115: 66 111 113 116 117 118 119 120 204
116: 115
117: 115 122
118: 115
119: 115
120: 115
121: 122
122: 117 121 126 127
123: 127
124: 127
125: 127
126: 122
127: 65 122 123 124 125 128 129 130 131 132
128: 127
129: 127
130: 127
131: 127
132: 127 133
133: 132 134 136 137 138 167
134: 133
135: 44
136: 133
137: 133
138: 133
139: 67
140: 143
141: 143
142: 143
143: 46 140 141 142 144 145 146 147
144: 143
145: 143
146: 143
147: 143
148: 153
149: 153
150: 153
151: 153
152: 153 154 245
153: 148 149 150 151 152 155 156 157 158 185
154: 152
155: 153
156: 153 161
157: 153
158: 153
159: 161
160: 161
161: 156 159 160 162 164 166
162: 161
163: 168
164: 161
165: 168
166: 161 168
167: 133
168: 163 165 166 169 172
169: 168
170: 175
171: 175
172: 168 175
173: 175
174: 175
175: 61 170 171 172 173 174 176 177 178 180
176: 175
177: 175 181
178: 175
179: 181
180: 175
181: 3 177 179 183 184 186
182: 185
183: 181
184: 181
185: 153 182 187 188 189 190
186: 181
187: 185
188: 185
189: 185 194
190: 185
191: 194
192: 194
193: 194
194: 189 191 192 193 195 196 197 198 199
195: 194
196: 194
197: 194
198: 194
199: 194
200: 201
201: 200 206
202: 206
203: 52
204: 115
205: 206
206: 201 202 205 207 208 209 210
207: 86 206
208: 206
209: 206 212
210: 206
211: 216
212: 209
213: 216
214: 216
215: 216
216: 211 213 214 215 218 221 245
217: 221
218: 216
219: 221
220: 221
221: 216 217 219 220 222 224 225 226
222: 67 221 223
223: 222
224: 221
225: 221
226: 221
227: 229
228: 229
229: 227 228 231
230: 44
231: 229 236
232: 236
233: 236
234: 236
235: 236
236: 231 232 233 234 235 237 238 239 240 241
237: 236
238: 236
239: 236
240: 236 245
241: 236
242: 103 247
243: 247
244: 247
245: 152 216 240 247
246: 247
247: 0 1 2 242 243 244 245 246 248 249
248: 247
249: 247