250 3

106 332 431 454 295 88 238 68 31 157 197 183 321 454 130 375 84 119 425 305 251 13 207 335 86 10 71 70 469 227 55 34 374 351 79 229 385 95 382 133 162 341 301 316 500 295 362 286 477 369 88 159 258 91 5 167 266 155 424 457 276 263 336 424 173 89 209 20 143 314 46 52 246 82 461 371 16 31 436 200 340 172 40 476 151 400 490 414 112 32 149 103 303 401 418 8 93 361 473 274 73 155 260 447 461 391 323 101 402 180 160 329 123 260 492 133 248 385 120 460 368 42 24 413 298 403 4 146 436 284 483 283 21 352 373 478 348 412 281 337 212 323 177 492 131 190 360 223 61 194 74 137 253 495 449 107 400 101 432 2 168 6 211 45 110 35 330 118 97 474 50 44 6 46 283 60 305 61 312 210 133 362 52 90 298 145 473 363 288 336 320 118 447 446 287 89 25 385 424 495 242 279 92 306 279 156 488 174 430 275 306 196 177 202 264 416 355 399 259 429 416 398 87 209 88 242 36 361 436 423 24 224 21 192 207 179 253 215 184 95 172 423 384 179 20 368 336 181 373 451
0: 5
1: 5
2: 232
3: 8
4: 7
5: 0 1 8 205
6: 8
7: 4 8 9 244
8: 3 5 6 7 10 11 12 13
9: 7
10: 8
11: 8
12: 8
13: 8
14: 122
15: 16
16: 15 17 21
17: 16
18: 21
19: 21
20: 25
21: 16 18 19 24 25 77 197 210 220
22: 25
23: 25
24: 21
25: 20 21 22 23 26 27 28 29 30 46
26: 25
27: 25
28: 25
29: 25
30: 25 31
31: 30 32 34 35 36
32: 31
33: 67
34: 31 37 38
35: 31
36: 31
37: 34 39 40 41 42 239
38: 34
39: 37 43
40: 37
41: 37
42: 37
43: 39
44: 230
45: 50
46: 25
47: 51
48: 50
49: 54
50: 45 48 54 55
51: 47 54
52: 54
53: 54 126
54: 49 50 51 52 53 56 57 58 59
55: 50
56: 54
57: 54
58: 54
59: 54
60: 126
61: 175
62: 67
63: 67
64: 65 211
65: 64 67
66: 67
67: 33 62 63 65 66 69 70 71 84 139 222
68: 70
69: 67
70: 67 68 121 208
71: 67 76 206
72: 76
73: 76
74: 76
75: 76
76: 71 72 73 74 75 77 78 79 80
77: 21 76 81 82
78: 76
79: 76
80: 76
81: 77
82: 77
83: 88
84: 67 89
85: 89
86: 89
87: 89
88: 83 89 107
89: 84 85 86 87 88 91 100
90: 95
91: 89
92: 95
93: 95
94: 95
95: 90 92 93 94 96 97 98 99 100
96: 95
97: 95
98: 95
99: 95
100: 89 95 101 102 104 105
101: 100 103
102: 100
103: 101
104: 100
105: 100
106: 107
107: 88 106 109 111 112
108: 112
109: 107
110: 171
111: 107
112: 107 108
113: 118
114: 118
115: 118
116: 132
117: 122
118: 113 114 115 122
119: 122
120: 122
121: 70 126
122: 14 117 118 119 120 126 127
123: 126
124: 126
125: 126
126: 53 60 121 122 123 124 125 128 129 131
127: 122 132
128: 126
129: 126
130: 132
131: 126
132: 116 127 130 133 134 135 136 137
133: 132
134: 132
135: 132
136: 132
137: 132
138: 182
139: 67
140: 144
141: 144
142: 230
143: 148
144: 140 141 148
145: 150
146: 148
147: 148
148: 143 144 146 147 149 151 152 153
149: 148
150: 145 151 155
151: 148 150
152: 148
153: 148
154: 159
155: 150 159
156: 161
157: 159
158: 159
159: 154 155 157 158 160 161 162
160: 159
161: 156 159 163 164 165 166
162: 159
163: 161 191 195
164: 161
165: 161 170
166: 161
167: 172
168: 172
169: 172
170: 165 172
171: 110 172
172: 167 168 169 170 171 173 174 175 176 177
173: 172 178
174: 172
175: 61 172 180
176: 172
177: 172 181 182
178: 173
179: 182
180: 175
181: 177
182: 138 177 179 183 184 186 187
183: 182 188
184: 182
185: 244
186: 182
187: 182
188: 183
189: 191
190: 232
191: 163 189
192: 196
193: 195
194: 196
195: 163 193 196
196: 192 194 195 198 199 200 201 222
197: 21
198: 196
199: 196
200: 196
201: 196
202: 203 204 205 207
203: 202
204: 202
205: 5 202
206: 71
207: 202 209
208: 70
209: 207
210: 21
211: 64 212 216
212: 211 213 214 215
213: 212
214: 212
215: 212
216: 211
217: 222
218: 222
219: 222
220: 21
221: 226
222: 67 196 217 218 219 226
223: 226
224: 226
225: 230
226: 221 222 223 224 230
227: 230
228: 232
229: 230
230: 44 142 225 226 227 229 232 233
231: 232
232: 2 190 228 230 231 234 235 236 237
233: 230
234: 232
235: 232
236: 232
237: 232
238: 239
239: 37 238 242 244
240: 244
241: 244
242: 239
243: 244
244: 7 185 239 240 241 243 245 246 247 248 249
245: 244
246: 244
247: 244
248: 244
249: 244