250 4

198 150 60 471 311 421 252 304 350 123 348 311 465 206 426 10 83 423 18 23 249 368 149 203 369 63 328 374 10 448 391 325 194 375 395 495 223 351 467 294 77 15 102 165 215 195 420 219 288 30 26 435 400 463 309 186 48 79 399 493 6 248 257 408 37 403 140 62 181 74 38 317 235 415 268 436 451 192 437 43 473 279 224 315 107 226 453 160 427 139 430 498 493 441 355 27 31 201 497 368 481 465 333 435 421 39 351 240 345 144 69 103 42 360 136 96 59 386 147 126 404 151 332 448 226 456 146 66 269 174 197 433 180 78 42 250 499 347 162 125 398 329 60 236 301 378 335 251 191 375 269 277 351 427 286 142 80 171 211 62 94 476 126 77 29 199 287 228 330 428 63 313 72 233 346 81 334 235 103 2 77 498 457 484 356 269 121 290 166 283 172 303 350 326 490 241 465 424 460 434 306 264 281 493 369 23 345 194 326 97 463 45 63 153 465 468 311 412 331 105 271 425 86 307 225 255 475 78 89 97 204 297 118 205 314 69 195 10 194 230 154 33 345 258 262 50 500 200 26 327
0: 248
1: 248
2: 6 150 232
3: 248
4: 241
5: 205
6: 2
7: 9
8: 13
9: 7 205
10: 15
11: 15
12: 15
13: 8 18
14: 15
15: 10 11 12 14 16 17 18 19 20 41
16: 15
17: 15
18: 13 15 21 22
19: 15 72
20: 15
21: 18
22: 18 25
23: 28
24: 28
25: 22 28
26: 28
27: 28
28: 23 24 25 26 27 29 30 31 32 33
29: 28
30: 28
31: 28
32: 28 34 201
33: 28
34: 32
35: 40
36: 40
37: 41
38: 41
39: 41
40: 35 36 41
41: 15 37 38 39 40 42 43 44 45
42: 41
43: 41 197
44: 41
45: 41 50
46: 50
47: 49
48: 50
49: 47 50 52
50: 45 46 48 49 51 53 54 116
51: 50
52: 49
53: 50
54: 50
55: 60
56: 60
57: 60
58: 60
59: 60
60: 55 56 57 58 59 61 62 63 64 65 126
61: 60
62: 60
63: 60
64: 60 66 69 211
65: 60
66: 64 160
67: 70 84 139 222
68: 70
69: 64 70 73
70: 67 68 69 71 75 121
71: 70
72: 19
73: 69
74: 79
75: 70
76: 79
77: 82
78: 79
79: 74 76 78 80 81 82 83 84 151
80: 79
81: 79
82: 77 79
83: 79
84: 67 79 86 89
85: 110
86: 84
87: 89
88: 89
89: 84 87 88
90: 95
91: 96
92: 95
93: 95
94: 95
95: 90 92 93 94 96 97 98 99 100
96: 91 95 101 180
97: 95
98: 95
99: 95
100: 95
101: 96
102: 103 105
103: 102
104: 105
105: 102 104 106 107 108 109 110 237
106: 105
107: 105
108: 105
109: 105
110: 85 105
111: 112
112: 111 113 114 115 117 248
113: 112
114: 112
115: 112 116
116: 50 115 118 119 120
117: 112
118: 116
119: 116
120: 116
121: 70
122: 127
123: 127
124: 127
125: 127
126: 60
127: 122 123 124 125 128 129 131
128: 127
129: 127 134
130: 134
131: 127
132: 134
133: 134 137
134: 129 130 132 133 135 136 138 139 140
135: 134
136: 134
137: 133
138: 134
139: 67 134 142
140: 134
141: 142
142: 139 141 143 144 145 146 147 230
143: 142 148
144: 142
145: 142
146: 142
147: 142
148: 143 149
149: 148
150: 2
151: 79
152: 245
153: 156
154: 159
155: 159
156: 153 160
157: 159
158: 159
159: 154 155 157 158 160
160: 66 156 159 164
161: 164
162: 164
163: 164 191 195
164: 160 161 162 163 165 166 167 169 217
165: 164 170
166: 164
167: 164
168: 170
169: 164
170: 165 168 171 172 173 175
171: 170
172: 170
173: 170
174: 179
175: 170 180
176: 179
177: 179
178: 179
179: 174 176 177 178 180 181 182 183 198
180: 96 175 179 184 185
181: 179
182: 179
183: 179
184: 180
185: 180
186: 187 188 189 190
187: 186
188: 186 192 193
189: 186
190: 186 232
191: 163
192: 188
193: 188
194: 195
195: 163 194 199
196: 222
197: 43
198: 179
199: 195
200: 205
201: 32
202: 205
203: 205
204: 205
205: 5 9 200 202 203 204 206 207 208 210
206: 205
207: 205 211
208: 205
209: 211
210: 205
211: 64 207 209 212 213 214 215 216
212: 211
213: 211
214: 211
215: 211
216: 211
217: 164
218: 222
219: 220 222
220: 219
221: 222
222: 67 196 218 219 221 227
223: 227
224: 227
225: 227
226: 227
227: 222 223 224 225 226 228 229
228: 227
229: 227 237
230: 142
231: 235
232: 2 190 237
233: 237
234: 235
235: 231 234 237
236: 237
237: 105 229 232 233 235 236 238 239 240 241 242
238: 237
239: 237
240: 237
241: 4 237 243 245
242: 237
243: 241
244: 248
245: 152 241 248
246: 248
247: 248
248: 0 1 3 112 244 245 246 247 249
249: 248