250 6

475 326 1 420 98 157 477 370 195 351 497 106 178 215 8 91 210 36 62 322 375 222 41 341 484 398 480 158 353 179 355 108 388 74 494 270 84 255 252 20 415 113 173 327 302 14 177 106 428 260 206 394 398 31 259 345 474 451 15 472 127 271 111 423 208 27 96 212 64 60 168 484 416 316 377 31 421 486 372 329 63 133 1 458 85 8 445 43 185 254 372 173 476 374 178 277 445 29 436 465 87 297 409 203 121 161 416 76 96 451 412 289 407 47 36 377 157 277 232 273 103 65 203 362 283 33 293 417 232 477 42 148 236 43 373 319 495 315 116 393 123 334 200 90 406 312 314 190 189 251 414 344 4 413 83 283 400 97 431 289 40 383 212 410 159 386 377 153 42 201 464 442 429 22 64 33 31 10 182 126 363 413 37 285 34 194 454 344 155 457 290 379 61 143 12 329 69 431 86 442 183 130 211 122 34 328 306 263 303 394 381 116 461 274 498 444 121 443 285 256 235 54 30 137 445 12 463 402 5 263 95 17 415 36 307 175 136 260 42 487 150 380 120 277 474 321 498 226 389 33
0: 2
1: 2
2: 0 1 3 4 6 59 150 232 247 249
3: 2
4: 2 5 7
5: 4
6: 2
7: 4
8: 11
9: 14
10: 14
11: 8 15
12: 14
13: 14
14: 9 10 12 13 15 17 18 19 122 123
15: 11 14
16: 17
17: 14 16 20 22 185
18: 14 21 23
19: 14
20: 17
21: 18 210
22: 17 24 25 26 27 33 216
23: 18
24: 22
25: 22
26: 22
27: 22
28: 33
29: 85
30: 33
31: 33
32: 33
33: 22 28 30 31 32 34 36
34: 33
35: 39
36: 33 39
37: 39
38: 39
39: 35 36 37 38 41
40: 45
41: 39 45
42: 45
43: 45
44: 45
45: 40 41 42 43 44 46 47 48 49 50
46: 45
47: 45 51
48: 45
49: 45
50: 45
51: 47
52: 53
53: 52 58 126
54: 58
55: 58
56: 58
57: 58
58: 53 54 55 56 57 60 61 62 63
59: 2
60: 58
61: 58
62: 58 65
63: 58
64: 65
65: 62 64 66 67 68 69 70 127
66: 65 160
67: 65
68: 65
69: 65
70: 65 75 121
71: 75
72: 75
73: 75
74: 75
75: 70 71 72 73 74 76 80
76: 75
77: 82
78: 82
79: 82
80: 75 82
81: 82
82: 77 78 79 80 81 84 85 86 87
83: 85
84: 82
85: 29 82 83 88 89 90 110
86: 82
87: 82 91
88: 85
89: 85
90: 85
91: 87
92: 97
93: 97
94: 97
95: 97
96: 97
97: 92 93 94 95 96 98 99 100 101 102
98: 97
99: 97
100: 97 104
101: 97
102: 97
103: 108
104: 100 107 108
105: 107
106: 107
107: 104 105 106
108: 103 104 113
109: 114
110: 85
111: 113
112: 114
113: 108 111 114
114: 109 112 113 116 117 118 228
115: 204
116: 114
117: 114
118: 114
119: 125
120: 125 225
121: 70 125
122: 14
123: 14
124: 125
125: 119 120 121 124 128 129 130
126: 53
127: 65
128: 125
129: 125
130: 125 131 132 134 135 163
131: 130
132: 130
133: 136 137 138
134: 130
135: 130
136: 133
137: 133
138: 133 143 182
139: 143
140: 143
141: 143
142: 143
143: 138 139 140 141 142 145 146
144: 154
145: 143
146: 143
147: 152
148: 152
149: 152
150: 2
151: 152
152: 147 148 149 151 153 154 155 156 157 245
153: 152
154: 144 152
155: 152
156: 152
157: 152 160
158: 160
159: 160
160: 66 157 158 159 161 162 164 165
161: 160
162: 160
163: 130
164: 160
165: 160
166: 168
167: 168
168: 166 167 173
169: 177
170: 173
171: 173
172: 177
173: 168 170 171 174 177 192
174: 173
175: 177
176: 177 238
177: 169 172 173 175 176 178 179 180 181 182 231
178: 177
179: 177
180: 177
181: 177
182: 138 177 184
183: 184
184: 182 183 186 187 188
185: 17
186: 184
187: 184
188: 184
189: 194
190: 193
191: 194
192: 173 194
193: 190 194
194: 189 191 192 193 195 196 197 198 199
195: 194
196: 194 201 222
197: 194
198: 194
199: 194
200: 204
201: 196 204
202: 204
203: 204
204: 115 200 201 202 203 205 206 207 209
205: 204
206: 204
207: 204
208: 211
209: 204
210: 21
211: 208 212 213 214 215 216
212: 211
213: 211
214: 211
215: 211
216: 22 211 221
217: 222
218: 222
219: 231
220: 225
221: 216 225
222: 196 217 218 225
223: 228
224: 228
225: 120 220 221 222
226: 228
227: 228
228: 114 223 224 226 227 229 230 231 233
229: 228
230: 228
231: 177 219 228 234 235 236
232: 2
233: 228 237
234: 231
235: 231
236: 231
237: 233
238: 176 239 240 241 242
239: 238
240: 238
241: 238
242: 238 243 247
243: 242
244: 249
245: 152
246: 249
247: 2 242
248: 249
249: 2 244 246 248