250 5

356 472 164 74 89 57 282 217 462 280 287 478 34 402 80 236 60 142 486 438 207 355 358 298 415 299 350 23 227 181 309 338 225 356 481 124 163 272 241 339 415 137 171 41 227 21 49 374 223 192 196 75 304 13 22 190 1 86 92 198 473 257 60 288 156 99 265 190 435 463 159 323 116 241 15 174 221 182 420 189 111 390 123 64 19 300 310 499 417 344 371 364 461 71 228 338 109 338 192 457 52 176 301 341 26 448 90 125 87 223 478 167 152 114 128 434 37 414 13 180 40 428 318 156 267 51 252 272 465 238 306 432 256 413 213 420 148 331 145 493 408 91 408 400 313 58 258 389 154 209 48 223 68 151 262 493 312 302 418 138 481 88 49 282 192 407 263 360 330 431 333 122 499 186 136 160 11 55 349 106 49 474 163 288 267 190 52 203 241 62 222 483 374 212 445 166 243 376 128 240 291 231 286 372 137 273 473 127 4 87 162 51 467 180 179 259 366 486 322 113 301 55 121 98 271 71 123 388 320 253 399 126 238 397 150 422 110 186 319 55 125 223 234 254 306 487 183 24 53 233
0: 247
1: 247
2: 150 247
3: 5 248
4: 5 34
5: 3 4 6
6: 5
7: 12
8: 12
9: 14
10: 12
11: 12
12: 7 8 10 11 13 14 15 16 17
13: 12
14: 9 12
15: 12
16: 12 18 19 20 21 68 223
17: 12
18: 16
19: 16
20: 16
21: 16
22: 27
23: 27
24: 27
25: 27
26: 27
27: 22 23 24 25 26 28 29 30 31 32
28: 27
29: 27 116
30: 27
31: 27
32: 27
33: 35
34: 4
35: 33 36
36: 35 150
37: 239
38: 43
39: 43
40: 45
41: 45
42: 45
43: 38 39 45 104 197
44: 45
45: 40 41 42 43 44 46 47 49
46: 45 143
47: 45
48: 53
49: 45 53
50: 53
51: 56
52: 56
53: 48 49 50 56 126
54: 56
55: 56
56: 51 52 53 54 55 57 58 59 60 200
57: 56 62
58: 56
59: 56
60: 56
61: 62
62: 57 61 63 64 65 66
63: 62
64: 62 211
65: 62
66: 62
67: 84
68: 16
69: 74
70: 208
71: 74
72: 74
73: 74
74: 69 71 72 73 75 76 77 79 176 232
75: 74
76: 74
77: 74
78: 83
79: 74 84
80: 84
81: 84
82: 84
83: 78 84 87 88 156
84: 67 79 80 81 82 83 85 86 89
85: 84
86: 84
87: 83
88: 83
89: 84
90: 93
91: 93
92: 93
93: 90 91 92 94 96
94: 93
95: 100
96: 93 100 180
97: 150
98: 100
99: 104
100: 95 96 98 104
101: 104
102: 104
103: 104
104: 43 99 100 101 102 103 105 106 107 108 109
105: 104
106: 104
107: 104
108: 104 110 113
109: 104
110: 108
111: 116
112: 248
113: 108 118
114: 118
115: 118
116: 29 111 118 132
117: 118
118: 113 114 115 116 117 119 120 121 122 123
119: 118
120: 118 124 125 225
121: 118
122: 118
123: 118
124: 120
125: 120 127 128 129 130
126: 53
127: 125
128: 125
129: 125
130: 125
131: 150
132: 116
133: 138
134: 138
135: 138
136: 141
137: 141
138: 133 134 135 141
139: 141
140: 145
141: 136 137 138 139 145
142: 145
143: 46
144: 145
145: 140 141 142 144 150
146: 150
147: 150
148: 152
149: 150
150: 2 36 97 131 145 146 147 149 151 153 154 155
151: 150
152: 148 153 157
153: 150 152
154: 150
155: 150
156: 83
157: 152 162
158: 162
159: 162
160: 162
161: 162
162: 157 158 159 160 161 163 164 165 166 167
163: 162
164: 162
165: 162
166: 162
167: 162
168: 171
169: 177
170: 171
171: 168 170 176
172: 176
173: 176
174: 176
175: 176
176: 74 171 172 173 174 175 177 178 179 180 181 238
177: 169 176 182 231
178: 176
179: 176 198
180: 96 176 183 184 185
181: 176
182: 177 186
183: 180
184: 180
185: 180
186: 182 187 188 189 190 191
187: 186
188: 186
189: 186 192 194
190: 186
191: 186
192: 189
193: 198
194: 189
195: 221
196: 222
197: 43
198: 179 193 199 201
199: 198
200: 56
201: 198
202: 208
203: 211
204: 209
205: 208
206: 208
207: 208
208: 70 202 205 206 207 209 210 211 212 246
209: 204 208
210: 208
211: 64 203 208 213 214 215 216
212: 208
213: 211
214: 211
215: 211
216: 211
217: 221
218: 223
219: 221
220: 221
221: 195 217 219 220 222 224 225 226
222: 196 221
223: 16 218 225 228
224: 221
225: 120 221 223 227 229 230
226: 221
227: 225
228: 223
229: 225
230: 225
231: 177 236
232: 74
233: 248
234: 239
235: 236
236: 231 235 239
237: 239
238: 176
239: 37 234 236 237 240 241
240: 239
241: 239
242: 247
243: 247
244: 247
245: 247
246: 208 247
247: 0 1 2 242 243 244 245 246 248 249
248: 3 112 233 247
249: 247