1000 2

57 92 44 28 51 64 44 53 7 10 10 26 91 84 80 13 14 63 13 76 100 35 17 13 11 7 38 60 96 28 9 36 15 84 77 60 19 8 46 53 83 62 93 100 56 60 81 64 9 43 91 6 61 2 38 70 13 98 55 41 83 54 85 33 24 62 8 97 100 39 5 17 49 97 10 67 14 97 10 14 6 96 10 84 52 70 80 29 82 83 56 42 3 84 80 81 4 78 77 10 51 88 68 44 1 71 3 5 91 24 54 64 85 68 38 46 86 100 40 83 61 54 73 45 60 27 84 88 86 71 47 53 72 11 91 69 49 37 1 83 31 43 25 50 5 67 56 3 6 86 86 19 18 7 38 96 19 86 30 96 67 91 63 35 57 74 70 30 24 77 10 25 84 7 17 48 27 46 19 60 61 36 99 12 23 56 3 48 29 37 34 46 93 67 19 55 53 75 38 68 23 20 70 69 70 56 93 7 34 34 70 56 74 39 1 77 95 2 32 92 40 15 14 60 13 64 9 60 67 58 70 84 67 9 93 30 39 12 61 83 86 92 37 68 64 60 14 97 2 12 4 79 53 67 59 5 33 19 55 93 48 14 84 88 71 51 54 65 57 66 82 31 50 80 34 28 82 90 33 4 51 6 4 56 16 29 43 50 2 60 97 1 18 23 49 59 19 53 77 29 11 94 38 23 12 9 22 92 78 35 21 51 47 45 38 96 56 29 93 37 50 94 27 63 78 9 83 69 83 76 8 79 58 73 77 68 49 96 1 71 43 63 89 75 60 58 68 99 50 87 91 36 52 67 18 26 52 27 24 98 6 49 29 51 48 90 86 79 14 46 52 7 83 71 62 34 96 30 78 6 24 20 70 82 89 7 46 100 46 71 86 91 15 99 75 25 35 70 44 64 61 74 24 93 92 34 41 62 82 71 55 65 15 61 52 41 13 1 19 78 66 61 19 38 78 26 65 82 9 66 95 15 44 82 79 85 53 61 64 21 67 8 79 100 71 2 85 59 99 69 67 84 52 36 54 61 40 34 69 2 37 19 12 69 72 82 83 25 78 35 78 100 87 61 26 5 33 31 17 51 49 69 7 43 63 34 99 2 95 60 3 90 14 7 7 78 83 6 21 83 58 31 91 2 75 90 47 75 87 67 90 59 17 74 89 78 63 81 88 8 47 52 58 5 40 72 87 73 79 36 15 77 3 82 97 14 73 36 13 91 23 67 74 63 14 67 66 38 1 69 22 25 83 37 58 8 91 74 92 85 39 98 45 30 86 40 7 32 28 79 15 58 37 25 37 36 15 36 91 4 16 79 40 44 62 36 9 25 86 47 28 8 40 84 71 38 45 13 96 22 3 26 15 81 6 34 13 18 86 65 27 79 31 16 80 4 37 69 27 33 8 62 19 79 89 4 39 90 14 41 32 51 18 63 5 3 46 82 83 46 70 58 68 39 1 63 83 91 75 69 49 27 60 47 5 21 27 28 45 62 96 39 45 43 8 27 31 84 25 41 18 67 54 17 40 44 19 82 37 38 62 88 5 4 6 56 17 77 9 60 50 84 18 22 26 49 53 63 57 1 57 36 71 31 25 18 17 72 72 41 63 72 51 48 54 85 93 9 49 51 100 13 33 21 24 3 3 4 3 72 73 7 35 36 26 12 78 13 65 71 21 1 74 68 97 74 50 88 6 66 24 20 88 68 62 22 12 99 82 84 65 19 47 38 65 38 14 76 84 44 81 30 84 93 22 13 92 94 91 68 8 27 22 49 77 29 10 84 23 66 4 9 60 26 73 38 48 18 100 60 84 59 33 94 39 40 25 11 23 61 77 78 85 40 40 98 7 53 16 81 22 22 69 91 9 69 27 15 32 73 87 73 99 77 65 23 63 7 22 36 28 72 39 47 53 74 51 69 97 67 81 21 86 61 2 99 52 89 83 87 55 28 89 86 7 78 15 62 13 100 73 82 32 7 58 24 6 89 41 31 98 98 31 36 10 93 56 12 87 16 31 53 49 34 73 48 7 23 2 49 35 13 83 87 2 49 90 19 60 58 30 28 94 16 96 19 21 29 95 49 67 89 24 38 32 17 11 18 36 27 78 45 90 52 91 79 2 49 32 43 75 1 14 16 87 83 9 91 46 40 20 28 17 12 83 87 87 52 15 79 49 7 12 66 39 94 91 71 47 37 56 70 98 13 42 2 87 33 33 75 34 94 82 24 98 89 40 5 97 37 75 21 90 91 7 4 52 72 72 86
0: 995
1: 3
2: 3
3: 1 2 8
4: 8
5: 8
6: 8
7: 8
8: 3 4 5 6 7 9 10 11 12 13
9: 8 14
10: 8 15
11: 8
12: 8
13: 8
14: 9
15: 10 16 17 18
16: 15
17: 15
18: 15 23
19: 24
20: 25
21: 25 756
22: 25
23: 18 25
24: 19 25
25: 20 21 22 23 24 26 28 29 30
26: 25
27: 147
28: 25
29: 25
30: 25 31 32 35 709
31: 30
32: 30 37 857
33: 37
34: 37
35: 30
36: 37
37: 32 33 34 36 38 39 41 42
38: 37
39: 37
40: 371
41: 37
42: 37
43: 48
44: 48
45: 475
46: 975
47: 51
48: 43 44 51 53
49: 53
50: 53
51: 47 48 371 394 815
52: 53
53: 48 49 50 52 54 55 56 57 58
54: 53
55: 53
56: 53 59
57: 53
58: 53
59: 56
60: 282
61: 66
62: 66
63: 66 512
64: 66 428
65: 70
66: 61 62 63 64 70
67: 70
68: 459
69: 70
70: 65 66 67 69 71 72 73 74 75
71: 70
72: 70
73: 70
74: 70 78 104
75: 70
76: 80
77: 80
78: 74 80 371 951
79: 80
80: 76 77 78 79 81 82 83 84 85 436
81: 80
82: 80 86
83: 80
84: 80
85: 80
86: 82
87: 92
88: 92
89: 92
90: 750
91: 92
92: 87 88 89 91 93 94 95 96 97 398
93: 92
94: 92
95: 92
96: 92 98 99 100 829
97: 92
98: 96
99: 96 104
100: 96
101: 104
102: 106
103: 104
104: 74 99 101 103 105 106 107 108 109
105: 104
106: 102 104 110 111 392 521
107: 104 325 360 898
108: 104
109: 104 112 113 114
110: 106
111: 106
112: 109
113: 109
114: 109 115 118
115: 114
116: 118
117: 377
118: 114 116
119: 275
120: 125
121: 125
122: 987
123: 125
124: 284
125: 120 121 123 126 130
126: 125
127: 392
128: 133
129: 133
130: 125 133
131: 133
132: 137
133: 128 129 130 131 138
134: 138
135: 138
136: 138
137: 132 138
138: 133 134 135 136 137 139 141 142 143 209
139: 138
140: 144
141: 138
142: 138 147
143: 138
144: 140 148
145: 147
146: 147
147: 27 142 145 146 148 149 150 151 152 399
148: 144 147 153 452
149: 147
150: 147
151: 147 274
152: 147
153: 148 154 156 157 158
154: 153
155: 445
156: 153 159 160 161
157: 153
158: 153 162
159: 156
160: 156
161: 156
162: 158
163: 168
164: 788
165: 170
166: 170
167: 170
168: 163 173
169: 173
170: 165 166 167 173
171: 173
172: 173
173: 168 169 170 171 172 174 175 176 177 178
174: 173
175: 173
176: 173
177: 173
178: 173 183
179: 338
180: 183
181: 186
182: 548
183: 178 180 186
184: 186 532
185: 186
186: 181 183 184 185 187 188 189 190 191 465
187: 186
188: 186 193
189: 186
190: 186 194
191: 186
192: 194
193: 188
194: 190 192 195 196 198 199
195: 194
196: 194
197: 201
198: 194 201
199: 194
200: 201
201: 197 198 200 203 206
202: 207
203: 201
204: 207
205: 207
206: 201
207: 202 204 205 208 209 776
208: 207
209: 138 207 214
210: 214
211: 214
212: 214
213: 214
214: 209 210 211 212 213 215 216 217 218 219 729
215: 214
216: 214
217: 214 220 221 222
218: 214
219: 214
220: 217
221: 217
222: 217 226
223: 226
224: 226 780
225: 226
226: 222 223 224 225 227 228 229 230 231
227: 226
228: 226
229: 226
230: 226
231: 226
232: 379
233: 234 235 236 237 238
234: 233
235: 233
236: 233
237: 233 239 240 242 950
238: 233
239: 237
240: 237
241: 635
242: 237
243: 248
244: 248
245: 250
246: 248
247: 248
248: 243 244 246 247 249 250 252 253 844 953
249: 248 830
250: 245 248 251 255
251: 250
252: 248
253: 248
254: 854
255: 250 256 257 258 259 260
256: 255
257: 255 261 854
258: 255
259: 255
260: 255
261: 257 262 263 264 265 266
262: 261
263: 261
264: 261
265: 261
266: 261
267: 271
268: 271
269: 271
270: 275
271: 267 268 269 275
272: 275
273: 958
274: 151
275: 119 270 271 272 279
276: 279
277: 279
278: 279
279: 275 276 277 278 280 281 282 284
280: 279
281: 279
282: 60 279 285 613
283: 288
284: 124 279
285: 282 288
286: 291
287: 291
288: 283 285 291 293
289: 291
290: 291
291: 286 287 288 289 290 292 294 295 296 421 629
292: 291 379
293: 288
294: 291
295: 291
296: 291 300
297: 300
298: 300
299: 300
300: 296 297 298 299 305
301: 305
302: 305
303: 305
304: 305 308 873
305: 300 301 302 303 304 306 307 309 310
306: 305 459
307: 305
308: 304
309: 305
310: 305 311 312 313 314 315
311: 310
312: 310
313: 310
314: 310
315: 310
316: 317
317: 316 322
318: 322
319: 602
320: 322
321: 325
322: 317 318 320 325
323: 325
324: 325
325: 107 321 322 323 324
326: 330
327: 330
328: 330
329: 330
330: 326 327 328 329 331 332 335
331: 330
332: 330
333: 338
334: 338
335: 330 338
336: 338
337: 412
338: 179 333 334 335 336 339 340 341 342 343 627 915
339: 338
340: 338 344
341: 338
342: 338
343: 338
344: 340
345: 989
346: 348
347: 351
348: 346 351
349: 354
350: 354
351: 347 348 354
352: 354
353: 354
354: 349 350 351 352 353 357 358
355: 360
356: 358
357: 354
358: 354 356 360
359: 360
360: 107 355 358 359 361 362 363 364 778
361: 360
362: 360
363: 360
364: 360
365: 368
366: 371
367: 371
368: 365 371 373
369: 371
370: 371
371: 40 51 78 366 367 368 369 370 372
372: 371
373: 368
374: 379
375: 379
376: 379
377: 117 791
378: 381
379: 232 292 374 375 376 380 381 382 383 384
380: 379
381: 378 379 385
382: 379
383: 379
384: 379
385: 381 386 387 388 389 390
386: 385
387: 385
388: 385
389: 385
390: 385
391: 392
392: 106 127 391 395 396 397 786
393: 395
394: 51
395: 392 393
396: 392
397: 392
398: 92
399: 147
400: 402 441
401: 740
402: 400 403 404 405 406 407
403: 402
404: 402
405: 402
406: 402
407: 402
408: 412
409: 683
410: 412
411: 416
412: 337 408 410 417
413: 416
414: 417
415: 417
416: 411 413 417 576 943
417: 412 414 415 416 418 419 420 422 931
418: 417
419: 417
420: 417
421: 291
422: 417
423: 428
424: 428
425: 428
426: 431
427: 431
428: 64 423 424 425 429 430 431 432 433 572
429: 428
430: 428
431: 426 427 428 435
432: 428
433: 428
434: 766
435: 431
436: 80 441
437: 441
438: 441
439: 441
440: 445
441: 400 436 437 438 439 442 445
442: 441
443: 445
444: 445
445: 155 440 441 443 444 446 447 448 449 450
446: 445
447: 445
448: 445
449: 445
450: 445
451: 485
452: 148
453: 457
454: 459
455: 459
456: 459
457: 453 459
458: 459
459: 68 306 454 455 456 457 458 460 462 463 464
460: 459
461: 462 884
462: 459 461 466
463: 459
464: 459
465: 186
466: 462
467: 468 469 470 530
468: 467
469: 467
470: 467
471: 475
472: 475
473: 475
474: 475
475: 45 471 472 473 474 476 477 478 479 656
476: 475
477: 475 482
478: 475 480 587
479: 475
480: 478
481: 482
482: 477 481 487
483: 487
484: 487
485: 451 487
486: 487
487: 482 483 484 485 486 488 489 490 491
488: 487
489: 487
490: 487 492 493 494 495
491: 487
492: 490
493: 490 497
494: 490
495: 490
496: 497
497: 493 496 498 501
498: 497 503
499: 503
500: 503
501: 497
502: 503
503: 498 499 500 502 504 505 506 507
504: 503
505: 503
506: 503 511
507: 503
508: 512
509: 512
510: 635
511: 506
512: 63 508 509 513
513: 512
514: 519
515: 519
516: 579
517: 519
518: 523
519: 514 515 517 523
520: 523
521: 106 523
522: 523
523: 518 519 520 521 522 524 525 526
524: 523
525: 523
526: 523
527: 532
528: 532
529: 532
530: 467 535 866
531: 532
532: 184 527 528 529 531 534 535 537 741
533: 538
534: 532
535: 530 532
536: 538
537: 532
538: 533 536 539 540 541 542
539: 538
540: 538 544
541: 538
542: 538
543: 548
544: 540 548
545: 548
546: 555
547: 548
548: 182 543 544 545 547 549 550 551 552
549: 548
550: 548 555
551: 548 821
552: 548
553: 555
554: 555
555: 546 550 553 554 556 557 559
556: 555
557: 555
558: 644
559: 555
560: 563
561: 566
562: 563
563: 560 562 566
564: 566
565: 566
566: 561 563 564 565 567 568 569 570 571
567: 566
568: 566 706
569: 566
570: 566 573 866
571: 566
572: 428
573: 570 576
574: 579
575: 579
576: 416 573 578 579
577: 579
578: 576
579: 516 574 575 576 577 580 581 582 583 584
580: 579
581: 579
582: 579
583: 579
584: 579
585: 586
586: 585 591
587: 478 591
588: 591
589: 591
590: 591
591: 586 587 588 589 590 593 594
592: 725
593: 591
594: 591
595: 600
596: 600
597: 598 600
598: 597
599: 604
600: 595 596 597 601 602 603 604 605 634
601: 600
602: 319 600 606
603: 600
604: 599 600 608 609
605: 600
606: 602 607
607: 606
608: 604
609: 604
610: 615
611: 615
612: 615
613: 282 615
614: 615
615: 610 611 612 613 614 616 617 618 619 620
616: 615
617: 615
618: 615
619: 615
620: 615 621 625
621: 620
622: 625
623: 625
624: 625
625: 620 622 623 624 626 628
626: 625
627: 338
628: 625 632
629: 291
630: 635
631: 635
632: 628 635
633: 635
634: 600 635
635: 241 510 630 631 632 633 634 636 637 638 640 766
636: 635
637: 635
638: 635
639: 643 644
640: 635 644
641: 644
642: 644
643: 639
644: 558 639 640 641 642 645 646 647 648 649
645: 644
646: 644
647: 644
648: 644
649: 644
650: 654
651: 655 827
652: 654
653: 654
654: 650 652 653 655 656 657 658 659 898
655: 651 654
656: 475 654
657: 654
658: 654
659: 654
660: 664
661: 664
662: 664
663: 664
664: 660 661 662 663 665 666 667 668
665: 664
666: 664
667: 664
668: 664 673
669: 673
670: 673
671: 673
672: 673
673: 668 669 670 671 672 674 675 676 678
674: 673
675: 673
676: 673
677: 682
678: 673 683
679: 683
680: 683
681: 683
682: 677 683
683: 409 678 679 680 681 682 684 685 686 687 695
684: 683 688 689 758
685: 683
686: 683 691
687: 683
688: 684 690 796
689: 684
690: 688
691: 686
692: 693 694
693: 692
694: 692 699
695: 683 699
696: 699
697: 699
698: 699
699: 694 695 696 697 698 702 703 704
700: 705
701: 705
702: 699
703: 699
704: 699 706
705: 700 701 706
706: 568 704 705 707 708 710 711
707: 706
708: 706
709: 30
710: 706
711: 706
712: 717
713: 715 717
714: 717
715: 713
716: 717
717: 712 713 714 716 718 719 721
718: 717
719: 717
720: 725
721: 717 725
722: 725
723: 725 838
724: 725
725: 592 720 721 722 723 724 726 727 730 929
726: 725 728 731
727: 725 771
728: 726 732 733
729: 214
730: 725
731: 726 734 735
732: 728
733: 728
734: 731
735: 731 737
736: 741
737: 735 741
738: 741
739: 741
740: 401 741
741: 532 736 737 738 739 740 742 743 744 745 746
742: 741
743: 741
744: 741
745: 741
746: 741
747: 748
748: 747 749 750 751 752 753
749: 748
750: 90 748
751: 748 756
752: 748
753: 748
754: 756
755: 756
756: 21 751 754 755 757 759 760 761
757: 756
758: 684
759: 756
760: 756
761: 756 766
762: 766
763: 766
764: 766
765: 766
766: 434 635 761 762 763 764 765 767 768 769
767: 766
768: 766
769: 766
770: 837
771: 727
772: 994
773: 775
774: 775
775: 773 774 779 780
776: 207
777: 780
778: 360
779: 775
780: 224 775 777 781 782 783 784
781: 780
782: 780 786
783: 780
784: 780
785: 790
786: 392 782 790 926
787: 790
788: 164 790
789: 790
790: 785 786 787 788 789 791 792 793 794 795
791: 377 790
792: 790
793: 790 797
794: 790
795: 790
796: 688
797: 793 798 799 800 801 802
798: 797
799: 797
800: 797
801: 797
802: 797 807
803: 807
804: 807
805: 807
806: 807
807: 802 803 804 805 806 808 809 810
808: 807
809: 807
810: 807
811: 816
812: 816
813: 816
814: 816
815: 51
816: 811 812 813 814 817 818 819 820 821
817: 816
818: 816
819: 816
820: 816 824
821: 551 816
822: 961
823: 824
824: 820 823 825 826 827 828
825: 824
826: 824
827: 651 824 831 832
828: 824
829: 96
830: 249
831: 827
832: 827
833: 837
834: 837
835: 837
836: 837
837: 770 833 834 835 836 838 839 840 841 842
838: 723 837 843
839: 837
840: 837 845
841: 837
842: 837
843: 838
844: 248
845: 840
846: 851
847: 851
848: 851
849: 887
850: 854
851: 846 847 848 856
852: 854
853: 854
854: 254 257 850 852 853 855 856 858 859
855: 854
856: 851 854
857: 32
858: 854
859: 854
860: 864
861: 864
862: 864
863: 864
864: 860 861 862 863 865 866 867 868 869
865: 864
866: 530 570 864
867: 864
868: 864 873
869: 864
870: 873
871: 876
872: 876
873: 304 868 870 875 876
874: 876
875: 873
876: 871 872 873 874 877 878 879 881
877: 876
878: 876
879: 876
880: 884
881: 876
882: 884
883: 884
884: 461 880 882 883 885 886 887 888
885: 884
886: 884
887: 849 884 889 890
888: 884
889: 887
890: 887
891: 896
892: 896
893: 898
894: 896
895: 898
896: 891 892 894 898
897: 898
898: 107 654 893 895 896 897 899 901 902 903
899: 898
900: 904
901: 898 904
902: 898
903: 898
904: 900 901 905 906 907 908 909
905: 904
906: 904
907: 904 911
908: 904
909: 904
910: 913
911: 907 913
912: 913
913: 910 911 912 914 915 916 917 918
914: 913
915: 338 913 919 920
916: 913
917: 913
918: 913
919: 915
920: 915
921: 926
922: 926
923: 926
924: 925
925: 924 926
926: 786 921 922 923 925 927 928 930
927: 926
928: 926
929: 725
930: 926
931: 417
932: 936
933: 936
934: 936
935: 936
936: 932 933 934 935 941
937: 941
938: 941 994
939: 941
940: 941
941: 936 937 938 939 940 942 943 944 945 946
942: 941
943: 416 941
944: 941
945: 941
946: 941 947 948 949 950 951
947: 946
948: 946
949: 946
950: 237 946 953
951: 78 946
952: 953 954
953: 248 950 952 958
954: 952
955: 958
956: 961
957: 961
958: 273 953 955 961
959: 962
960: 961
961: 822 956 957 958 960 962 963 964 965 966
962: 959 961
963: 961
964: 961
965: 961
966: 961
967: 969
968: 973
969: 967 973
970: 975
971: 975
972: 975
973: 968 969 975 976 978
974: 975
975: 46 970 971 972 973 974 977 979 980
976: 973
977: 975
978: 973 983
979: 975
980: 975
981: 983
982: 987
983: 978 981 984 987
984: 983
985: 987
986: 987
987: 122 982 983 985 986 988 989 991
988: 987
989: 345 987
990: 995
991: 987 994 995
992: 995
993: 995
994: 772 938 991 999
995: 0 990 991 992 993 996 997 998
996: 995
997: 995
998: 995
999: 994