81 2

143 434 10 191 321 39 458 233 340 56 355 103 416 58 475 180 378 305 295 396 179 170 31 282 28 495 206 181 103 169 391 296 219 8 55 454 462 423 284 232 431 5 66 377 117 175 55 251 312 75 262 208 216 32 66 216 130 30 361 233 126 342 20 168 68 344 399 235 82 80 100 156 480 185 233 60 253 49 8 57 119
0: 9
1: 2
2: 1 3 11
3: 2
4: 5 13
5: 4 6 14
6: 5
7: 8 16
8: 7 17
9: 0 10 18
10: 9 11
11: 2 10 20
12: 13
13: 4 12 22
14: 5
15: 16 24
16: 7 15
17: 8 26
18: 9
19: 28
20: 11 21 29
21: 20 22
22: 13 21 23 31
23: 22 24
24: 15 23 25 33
25: 24
26: 17
27: 28
28: 19 27 29
29: 20 28 30 38
30: 29
31: 22
32: 41
33: 24 34 42
34: 33 35 43
35: 34
36: 45
37: 46
38: 29 39
39: 38
40: 41
41: 32 40 42 50
42: 33 41 51
43: 34
44: 53
45: 36 46 54
46: 37 45 47 55
47: 46
48: 49 57
49: 48 50
50: 41 49
51: 42 60
52: 53
53: 44 52 62
54: 45 63
55: 46 56
56: 55 57
57: 48 56 58 66
58: 57
59: 68
60: 51 69
61: 62
62: 53 61 71
63: 54 64 72
64: 63 65 73
65: 64
66: 57
67: 68
68: 59 67 77
69: 60 78
70: 71 79
71: 62 70
72: 63
73: 64
74: 75
75: 74 76
76: 75 77
77: 68 76 78
78: 69 77 79
79: 70 78 80
80: 79