81 2

86 18 69 6 24 8 56 42 15 20 78 11 58 39 100 56 64 38 95 92 87 48 14 50 36 60 65 11 31 87 46 8 82 38 73 41 11 35 50 90 11 40 53 27 78 3 62 47 20 84 4 6 37 100 28 62 3 16 80 52 86 66 18 1 71 49 34 52 95 80 30 39 70 34 67 76 59 18 18 67 85
0: 1
1: 0 2
2: 1 3
3: 2 4 12
4: 3 5 13
5: 4 6 14
6: 5 7
7: 6 8
8: 7 17
9: 10
10: 9 11
11: 10 12 20
12: 3 11
13: 4 22
14: 5
15: 24
16: 17
17: 8 16 26
18: 27
19: 28
20: 11
21: 22
22: 13 21 23 31
23: 22 24
24: 15 23 25 33
25: 24
26: 17 35
27: 18 28 36
28: 19 27 29
29: 28
30: 31
31: 22 30 32 40
32: 31
33: 24
34: 43
35: 26
36: 27 37 45
37: 36 38
38: 37
39: 40
40: 31 39 41
41: 40 50
42: 51
43: 34 44 52
44: 43
45: 36 46 54
46: 45
47: 56
48: 49 57
49: 48 50
50: 41 49 51 59
51: 42 50 52 60
52: 43 51 61
53: 62
54: 45 55 63
55: 54 56
56: 47 55 57 65
57: 48 56 58 66
58: 57
59: 50
60: 51
61: 52 62
62: 53 61 71
63: 54 64 72
64: 63
65: 56
66: 57 67 75
67: 66
68: 77
69: 78
70: 71 79
71: 62 70 80
72: 63 73
73: 72 74
74: 73
75: 66
76: 77
77: 68 76 78
78: 69 77 79
79: 70 78
80: 71