81 2

470 478 249 107 391 280 173 34 475 221 295 428 113 9 186 480 134 249 144 384 180 246 18 498 268 101 43 366 307 301 447 258 237 230 191 369 327 438 247 225 238 199 114 199 388 110 13 307 436 18 181 289 390 196 418 9 235 472 443 289 396 457 416 181 92 66 467 375 372 197 120 111 23 136 367 225 287 20 283 315 456
0: 9
1: 2
2: 1 3
3: 2 12
4: 13
5: 6 14
6: 5 7
7: 6 8 16
8: 7
9: 0 10 18
10: 9
11: 12
12: 3 11 13
13: 4 12 14 22
14: 5 13
15: 16
16: 7 15 25
17: 26
18: 9 19 27
19: 18 20
20: 19 21 29
21: 20 22
22: 13 21 23 31
23: 22
24: 25
25: 16 24 26 34
26: 17 25 35
27: 18
28: 29
29: 20 28
30: 39
31: 22
32: 41
33: 42
34: 25 43
35: 26
36: 45
37: 46
38: 39 47
39: 30 38 40
40: 39 49
41: 32 42 50
42: 33 41 43 51
43: 34 42 44
44: 43 53
45: 36 46
46: 37 45 47 55
47: 38 46
48: 49
49: 40 48 50 58
50: 41 49 59
51: 42
52: 53
53: 44 52
54: 55
55: 46 54 56 64
56: 55 57
57: 56
58: 49
59: 50
60: 69
61: 70
62: 71
63: 72
64: 55 65 73
65: 64 66 74
66: 65
67: 76
68: 77
69: 60 70 78
70: 61 69 71 79
71: 62 70 80
72: 63 73
73: 64 72
74: 65 75
75: 74 76
76: 67 75 77
77: 68 76 78
78: 69 77
79: 70
80: 71