500 3

24 67 84 64 58 67 60 32 95 14 57 90 34 31 14 81 38 45 26 41 70 97 76 29 99 30 33 30 35 30 96 71 92 22 93 26 31 93 80 25 38 13 80 41 11 54 99 42 2 18 58 45 99 37 39 33 69 6 16 58 51 18 77 8 20 7 34 43 60 33 68 38 30 66 55 96 30 64 37 72 57 64 14 69 79 95 93 2 4 96 16 71 8 3 91 4 72 85 18 54 96 26 68 9 93 80 69 71 14 93 23 21 64 76 1 58 6 25 57 98 97 83 25 62 13 95 55 100 26 40 62 99 19 99 63 45 18 53 61 56 86 21 3 22 51 32 43 2 3 45 41 52 87 24 26 94 12 26 73 83 61 31 19 31 79 74 32 76 20 34 88 61 29 44 70 3 70 55 32 89 29 49 99 38 71 32 48 55 31 63 82 75 10 38 63 78 75 24 51 98 66 48 97 83 20 42 5 35 49 10 50 24 16 24 15 99 25 29 77 87 67 41 70 36 72 56 22 43 85 21 4 36 82 42 81 97 51 73 27 55 39 54 100 18 100 67 68 38 88 92 13 28 6 23 34 55 95 93 75 84 17 78 75 68 38 82 50 16 31 95 68 28 38 51 38 83 39 32 66 80 66 70 90 68 77 18 63 33 96 58 40 5 30 62 92 45 28 29 49 31 58 5 78 14 92 91 88 20 91 3 49 47 88 85 12 78 61 54 51 66 43 67 92 82 96 81 11 38 63 75 12 100 92 23 86 29 54 4 8 91 51 12 2 20 93 60 11 87 92 8 32 5 51 35 20 42 42 26 36 69 15 15 17 64 30 45 60 40 5 42 69 8 43 83 65 37 95 75 16 64 43 5 78 32 7 6 78 89 82 70 96 29 79 89 65 3 39 27 22 91 66 25 90 25 60 35 51 63 6 71 42 39 87 52 5 69 12 73 4 16 19 19 64 19 49 74 34 98 85 15 43 67 77 37 97 46 16 90 66 18 55 21 99 76 2 54 56 3 44 23 83 6 16 63 51 84 86 84 90 10 80 19 87 11 96 52 40 66 16 89 45 66 90 37 7 94 6 96 67 85 54 15 50 84 35 60 35 46 59 12 1 44 36 34 83 91 19 3 71 67
0: 19 20 93 98 193 213 250 292 302 306 395 490
1: 53 88 148 395
2: 69 117 147 197 395
3: 395
4: 395
5: 9 18 62 291 440
6: 35 41 441
7: 12 38 51 58 173 195 441
8: 14 93 227
9: 5 11 46 47 60 67 74 80 102 154 299 369 385 395 401
10: 277 395
11: 9 30 72 110 330
12: 7 169 251
13: 41 45 198 434
14: 8 32 42 97 157 225
15: 17 82 106 223 295
16: 79 190 408
17: 15 24 50 112 171 423
18: 5 21 75 101 355
19: 0
20: 0 68 107
21: 18 100
22: 48
23: 41 63 178 186 383
24: 17 105 121
25: 43 57 111 184 278 479
26: 57 158
27: 206
28: 57 85 426
29: 41 133
30: 11 64 123
31: 33 41
32: 14 83
33: 31 37 54 71
34: 82 141
35: 6 84 260
36: 347 395
37: 33 128 384
38: 7 90 249 484
39: 137 155 156 395
40: 63
41: 6 13 23 29 31 44 138 147 345 366
42: 14 202
43: 25 273
44: 41 52 143
45: 13 66
46: 9 180 237
47: 9 108 333
48: 22 49 109 114 196 395
49: 48
50: 17 136 416
51: 7 89
52: 44 456
53: 1 252 403 453 454
54: 33 175
55: 157 293
56: 65 167
57: 25 26 28 78 92 96 113 124 150 187 210 242 289 374 438
58: 7 87 214 265 424 443
59: 147
60: 9 99 120 125 130 467
61: 92 153 172 286 337
62: 5
63: 23 40 140 206 360
64: 30 70
65: 56 206 296
66: 45 191 241 276 491
67: 9
68: 20 129
69: 2 163 389
70: 64 86
71: 33 194 307 313 407 433
72: 11
73: 344 441
74: 9 373
75: 18 95 224
76: 108 215
77: 148
78: 57 218 317
79: 16 211 257 451
80: 9 165 181 275
81: 148 221
82: 15 34 118 219 222 226 306
83: 32 122
84: 35 231
85: 28 115 400
86: 70 166
87: 58
88: 1 205
89: 51 217 497
90: 38 192
91: 151 180 473
92: 57 61 174 188
93: 0 8 103 132 144
94: 214 338
95: 75
96: 57
97: 14 142 266 297
98: 0 149 300 309 410
99: 60
100: 21 212
101: 18 255 364
102: 9
103: 93 119 146 270
104: 261 441
105: 24 152
106: 15 324
107: 20 264
108: 47 76 247
109: 48
110: 11 368
111: 25 147 387
112: 17 458
113: 57
114: 48 164 254 437
115: 85 488
116: 395
117: 2 281 413
118: 82
119: 103 207 353
120: 60 161
121: 24 475
122: 83 422
123: 30 308
124: 57 472
125: 60 245
126: 490
127: 432 490
128: 37 170 334
129: 68
130: 60 216
131: 269 462
132: 93 379
133: 29
134: 304 395
135: 147
136: 50
137: 39
138: 41 179 203 248
139: 398
140: 63 168
141: 34 341
142: 97
143: 44 452
144: 93
145: 297
146: 103 200
147: 2 41 59 111 135 331 478
148: 1 77 81 238 244 301 408
149: 98 399
150: 57
151: 91
152: 105 256
153: 61
154: 9 448 483
155: 39 284 372
156: 39 160 209 259 326
157: 14 55 177
158: 26
159: 181
160: 156
161: 120 288
162: 272 490
163: 69
164: 114 463
165: 80 199 246
166: 86 236 462
167: 56 262
168: 140 354
169: 12 336 411
170: 128
171: 17 183 232 350
172: 61 314 325
173: 7
174: 92 253 357
175: 54 332 485
176: 343 423
177: 157 351
178: 23
179: 138 495
180: 46 91 311 365 457
181: 80 159
182: 185
183: 171
184: 25
185: 182 298 319
186: 23
187: 57 349 396
188: 92
189: 254 499
190: 16
191: 66 204 346 430 464
192: 90 220 228
193: 0
194: 71 381
195: 7
196: 48 271
197: 2 263 469
198: 13
199: 165
200: 146 489
201: 282 395
202: 42
203: 138
204: 191 268 290 419
205: 88
206: 27 63 65 315 320
207: 119
208: 217
209: 156 439
210: 57 496
211: 79 363
212: 100
213: 0 329
214: 58 94
215: 76
216: 130 233
217: 89 208
218: 78 230 386 447
219: 82 312 362
220: 192
221: 81
222: 82
223: 15 239 258 392
224: 75 234
225: 14
226: 82
227: 8
228: 192
229: 395
230: 218 397 444
231: 84
232: 171
233: 216
234: 224
235: 395
236: 166 285
237: 46 319
238: 148
239: 223 429
240: 349
241: 66
242: 57
243: 490
244: 148 493
245: 125
246: 165
247: 108
248: 138
249: 38
250: 0
251: 12 342
252: 53
253: 174
254: 114 189
255: 101 390 449
256: 152
257: 79 305
258: 223
259: 156 267
260: 35 446
261: 104
262: 167 340
263: 197
264: 107
265: 58 361
266: 97
267: 259 420
268: 204
269: 131 482
270: 103 376
271: 196 280
272: 162
273: 43
274: 368 465
275: 80
276: 66 322
277: 10 436
278: 25 409 421
279: 358 490
280: 271
281: 117
282: 201
283: 328 368
284: 155 348
285: 236
286: 61
287: 303
288: 161 477
289: 57 487
290: 204 327
291: 5 356 371
292: 0
293: 55 359
294: 299
295: 15
296: 65
297: 97 145 417
298: 185 321
299: 9 294 339
300: 98 405
301: 148
302: 0 393
303: 287 335 368
304: 134
305: 257
306: 0 82
307: 71
308: 123
309: 98
310: 428 468
311: 180
312: 219
313: 71 375
314: 172 316
315: 206
316: 314
317: 78
318: 349
319: 185 237
320: 206 391 402
321: 298
322: 276
323: 395
324: 106
325: 172
326: 156
327: 290
328: 283 377
329: 213
330: 11
331: 147
332: 175
333: 47 382
334: 128
335: 303
336: 169 388
337: 61 466
338: 94 418 468
339: 299
340: 262
341: 141 461
342: 251
343: 176
344: 73
345: 41 442
346: 191
347: 36
348: 284
349: 187 240 318
350: 171
351: 177
352: 441
353: 119
354: 168
355: 18
356: 291 492
357: 174
358: 279 471 486
359: 293 370
360: 63
361: 265
362: 219
363: 211
364: 101
365: 180 406
366: 41
367: 429
368: 110 274 283 303 435
369: 9
370: 359
371: 291
372: 155
373: 74 378
374: 57
375: 313
376: 270
377: 328 427
378: 373
379: 132
380: 396
381: 194
382: 333
383: 23
384: 37
385: 9 480
386: 218
387: 111
388: 336
389: 69
390: 255 498
391: 320 394
392: 223
393: 302
394: 391
395: 0 1 2 3 4 9 10 36 39 48 116 134 201 229 235 323
396: 187 380 425
397: 230
398: 139 473
399: 149
400: 85
401: 9 481
402: 320 412
403: 53
404: 452 455
405: 300 414
406: 365
407: 71
408: 16 148
409: 278
410: 98
411: 169
412: 402 460
413: 117 474
414: 405
415: 429
416: 50 431
417: 297
418: 338
419: 204
420: 267 445
421: 278
422: 122
423: 17 176
424: 58
425: 396
426: 28 450
427: 377
428: 310
429: 239 367 415
430: 191
431: 416
432: 127
433: 71
434: 13
435: 368
436: 277
437: 114
438: 57
439: 209
440: 5
441: 6 7 73 104 352
442: 345 476
443: 58
444: 230
445: 420
446: 260
447: 218 459
448: 154
449: 255
450: 426
451: 79
452: 143 404
453: 53
454: 53
455: 404
456: 52
457: 180
458: 112
459: 447
460: 412
461: 341
462: 131 166
463: 164
464: 191
465: 274
466: 337
467: 60
468: 310 338
469: 197
470: 493
471: 358
472: 124
473: 91 398
474: 413
475: 121
476: 442
477: 288
478: 147
479: 25
480: 385
481: 401
482: 269
483: 154
484: 38
485: 175
486: 358
487: 289
488: 115
489: 200
490: 0 126 127 162 243 279 494
491: 66
492: 356
493: 244 470
494: 490
495: 179
496: 210
497: 89
498: 390
499: 189