250 4

6 457 253 311 3 215 305 50 405 36 132 34 466 343 144 121 491 181 226 186 447 249 264 444 237 394 185 159 130 335 138 247 319 152 210 348 69 403 46 422 98 13 483 174 239 319 354 130 446 376 244 122 336 282 302 121 334 28 146 80 491 41 114 361 255 377 255 86 430 316 300 99 244 159 59 389 149 178 108 378 352 242 90 444 359 495 371 363 448 2 419 170 486 145 431 387 498 172 426 22 350 128 238 346 479 488 372 86 25 246 213 485 264 80 166 384 300 173 247 150 361 108 102 172 166 455 298 410 458 290 121 486 328 339 357 289 21 241 449 192 141 207 431 229 197 182 159 83 438 192 246 53 364 272 385 58 376 50 495 10 184 232 69 24 243 56 220 427 292 3 6 335 348 54 93 278 75 331 104 169 110 368 328 412 208 230 69 100 341 229 356 30 22 192 403 168 53 147 188 148 485 72 202 134 365 189 483 430 84 491 411 52 180 153 170 251 16 126 45 45 499 194 17 237 282 207 231 435 208 371 250 345 500 126 84 78 194 23 2 147 468 91 370 478 361 408 444 281 80 212
0: 1 21 28 30 37 38 45 62 77 81 102 103 111 116 118 120 122 125 127 142 158 168 215 220 248
1: 0 57 202 218
2: 174 218
3: 4 54 124
4: 3 6 7 9 15 17 20 28 31 128 170
5: 8 11 78
6: 4 146
7: 4 34 41 101 221
8: 5 23 49
9: 4 80 204
10: 47 62 140
11: 5 12 32 174
12: 11 213
13: 24 133 203 222
14: 52 79 202 203
15: 4 29 99 242
16: 71 74 151
17: 4 25 119 154
18: 38 67
19: 121 167 236
20: 4 61
21: 0 36
22: 26 69 92 101
23: 8 40 123
24: 13
25: 17 48 113 161 217
26: 22 208
27: 62 230
28: 0 4 121
29: 15 84 156
30: 0 59
31: 4 108 109
32: 11
33: 46 51 114 176 179 193 206
34: 7 83
35: 218
36: 21 43
37: 0 100 138
38: 0 18 44 112 126
39: 61 188
40: 23 104
41: 7 97 233
42: 186
43: 36 63 211
44: 38 183
45: 0 76
46: 33
47: 10 64 65
48: 25 141
49: 8 196 246
50: 62
51: 33 53 58 62 148
52: 14
53: 51
54: 3 56
55: 62 95 143
56: 54
57: 1 70
58: 51 238
59: 30 72 91 231
60: 62 94
61: 20 39 87
62: 0 10 27 50 51 55 60 68 75 129 150 245
63: 43
64: 47 130
65: 47 82
66: 174
67: 18 106 160
68: 62
69: 22
70: 57 207
71: 16
72: 59
73: 107 139
74: 16 85 203
75: 62
76: 45
77: 0
78: 5 89 96 240 243
79: 14
80: 9 178
81: 0 185
82: 65 247
83: 34 228
84: 29
85: 74
86: 89 147
87: 61
88: 99
89: 78 86 93 169
90: 119
91: 59 200 226
92: 22
93: 89 192
94: 60 163
95: 55
96: 78
97: 41
98: 176
99: 15 88 181 209
100: 37 136 225
101: 7 22
102: 0 131
103: 0 197
104: 40 162
105: 144 244
106: 67
107: 73 148
108: 31 191
109: 31
110: 208
111: 0 164
112: 38 145
113: 25 187
114: 33 132
115: 150
116: 0 155
117: 192
118: 0 227
119: 17 90 134 172 201
120: 0
121: 19 28
122: 0 212
123: 23
124: 3 175 239
125: 0 159
126: 38
127: 0
128: 4
129: 62
130: 64
131: 102
132: 114 214
133: 13 189
134: 119
135: 151
136: 100 224
137: 145
138: 37 229
139: 73
140: 10 180
141: 48
142: 0 210
143: 55
144: 105 171
145: 112 137 149 157
146: 6
147: 86
148: 51 107
149: 145 165 166
150: 62 115
151: 16 135 190
152: 186 248
153: 214
154: 17
155: 116 219
156: 29
157: 145
158: 0
159: 125
160: 67
161: 25
162: 104 173
163: 94 198
164: 111
165: 149
166: 149 232
167: 19
168: 0
169: 89 177
170: 4
171: 144 184
172: 119
173: 162
174: 2 11 66
175: 124
176: 33 98
177: 169 194
178: 80
179: 33 216 237
180: 140
181: 99
182: 186
183: 44
184: 171
185: 81
186: 42 152 182
187: 113
188: 39 199 244
189: 133
190: 151
191: 108
192: 93 117 223
193: 33
194: 177
195: 213
196: 49
197: 103
198: 163
199: 188 241
200: 91
201: 119
202: 1 14
203: 13 14 74
204: 9
205: 211
206: 33
207: 70
208: 26 110
209: 99
210: 142
211: 43 205
212: 122
213: 12 195
214: 132 153
215: 0
216: 179 234
217: 25
218: 1 2 35
219: 155 235
220: 0
221: 7
222: 13
223: 192
224: 136
225: 100
226: 91
227: 118
228: 83
229: 138
230: 27
231: 59
232: 166
233: 41
234: 216
235: 219
236: 19
237: 179
238: 58 249
239: 124
240: 78
241: 199
242: 15
243: 78
244: 105 188
245: 62
246: 49
247: 82
248: 0 152
249: 238