500 4

69 55 89 44 3 42 31 96 66 57 4 31 71 60 35 76 87 90 6 6 23 54 76 8 56 3 90 41 12 56 55 15 28 2 3 11 29 38 77 13 34 36 84 45 37 33 60 38 67 74 30 92 54 66 85 81 84 50 17 3 59 42 4 33 9 15 77 20 6 3 23 5 88 98 39 6 86 20 93 62 20 92 11 85 11 46 5 55 67 21 47 95 85 8 15 91 36 71 17 69 39 44 61 70 34 47 28 28 38 86 28 66 49 43 85 47 70 54 84 16 32 72 66 16 31 16 93 4 23 5 54 19 43 85 90 28 99 77 65 77 93 8 25 45 67 39 71 83 94 24 98 26 89 33 82 95 13 36 32 59 86 42 55 74 95 80 74 31 85 67 72 96 91 34 64 6 65 82 91 54 94 17 24 47 76 59 19 9 68 93 42 51 86 76 80 81 65 90 10 92 25 7 47 52 94 7 7 91 83 9 58 61 64 41 95 47 37 56 79 46 54 53 62 85 72 25 35 25 8 50 28 38 67 27 85 25 95 11 51 46 95 34 81 31 87 41 19 85 65 77 18 17 85 27 55 90 62 16 90 11 85 70 12 95 53 45 31 72 48 82 74 23 42 72 52 63 23 62 74 76 30 24 40 40 77 26 88 86 94 16 17 61 22 87 13 27 89 66 24 41 85 2 14 94 31 5 57 78 18 33 36 31 30 70 80 40 34 100 8 47 47 69 35 16 41 58 54 11 14 83 72 49 88 10 4 15 83 33 19 19 77 32 69 82 34 16 24 28 89 92 97 64 73 47 72 75 7 5 18 82 86 22 27 85 61 66 12 100 15 43 62 34 81 93 4 69 67 97 31 17 92 6 73 52 99 66 34 22 31 17 63 71 66 19 81 24 66 49 29 94 67 56 96 32 31 70 86 98 19 70 18 41 93 15 53 93 37 49 10 7 91 8 32 86 40 73 43 92 29 45 62 26 84 87 33 26 58 99 51 28 15 57 66 86 96 27 74 25 27 83 57 80 99 25 74 78 45 43 86 98 13 100 16 100 89 58 52 68 83 41 82 20 12 76 41 44 42 97 1 52 15 1 90 52 54 5 16 17 41 61 68 18 91 45 55 83 33 31 43 52
0: 4 19 20 59 80 93 98 250 292 408
1: 59 67 289 453
2: 59 69 197 392
3: 201
4: 0 10 39 213 395
5: 10 18 62 356 440
6: 25 35 73 126 173 352 441 478
7: 12 38 58 195 478
8: 14 93 227
9: 10 385
10: 4 5 9 22 36 46 49 116 172 196 205 229 277
11: 30 60 67 72 110 330
12: 7 169 251
13: 59 198
14: 8 32 42 97 225
15: 34 106 112 295
16: 79 190 408
17: 24 50 112 171
18: 5 21 75 101 355
19: 0 47 302
20: 0 68 107
21: 18 100
22: 10
23: 27 29 31 59 140 143 178 186 383
24: 17 105 121 176
25: 6 26 28 43 57 96 111 124 174 184 210 278 479
26: 25 158 374
27: 23 206
28: 25 85 193 426
29: 23 345
30: 11 64 123
31: 23 33
32: 14 83 157
33: 31 37 54 71 485
34: 15 82 141 219 306
35: 6 84 260
36: 10 347
37: 33 334 384
38: 7 90 249 484
39: 4 137 155 259
40: 63
41: 44 52 59 77 138 366
42: 14 202
43: 25 273
44: 41
45: 198
46: 10 91 139 180 237
47: 19 76 108 333
48: 254 395
49: 10
50: 17 136 416
51: 89 478
52: 41 456
53: 252 403 453 454
54: 33
55: 157 293
56: 65 167
57: 25 187
58: 7 87 94 265 424 443
59: 0 1 2 13 23 41 478
60: 11 99 120 125 130 467
61: 153 286 337
62: 5
63: 40 206 360
64: 30 70
65: 56 206 296
66: 198 241 276
67: 1 11 154 299
68: 20 129
69: 2 163 389
70: 64 86
71: 33 194 307 313 407 433
72: 11
73: 6 104 344
74: 102 294 373
75: 18 95 224
76: 47 215
77: 41
78: 218 374
79: 16 211 257 451
80: 0 165 181 275 401
81: 221 408
82: 34 118 222 226
83: 32 122
84: 35 231
85: 28 115 400
86: 70 131 166 462
87: 58
88: 205
89: 51 208 217 497
90: 38 192
91: 46 151
92: 289
93: 0 8 103 132 144
94: 58 214 310 338 468
95: 75
96: 25 188
97: 14 142 145 266
98: 0 149 300 309 410
99: 60
100: 21 212
101: 18 255 364
102: 74
103: 93 119
104: 73 261
105: 24 152
106: 15 324
107: 20 264
108: 47 247
109: 304 395
110: 11 368
111: 25 135 387
112: 15 17 458
113: 187
114: 164 254 437
115: 85 488
116: 10 323
117: 413
118: 82
119: 103 207 270 353
120: 60 161
121: 24 475
122: 83 422
123: 30 308
124: 25 150 242 472
125: 60 245
126: 6 127
127: 126 162 243 279 432 490 494
128: 334
129: 68
130: 60 233
131: 86 269
132: 93 379
133: 345
134: 395
135: 111
136: 50
137: 39
138: 41 179 203 248
139: 46 398
140: 23 168
141: 34 341 461
142: 97
143: 23 404
144: 93
145: 97 297
146: 200 227
147: 478
148: 301
149: 98 399
150: 124
151: 91
152: 105 256
153: 61 172
154: 67 448 483
155: 39 284 372
156: 209 259 326
157: 32 55 177
158: 26
159: 181
160: 259
161: 120 288
162: 127 272
163: 69
164: 114 463
165: 80 199 246
166: 86
167: 56 262
168: 140 354
169: 12 336 411
170: 334
171: 17 183 232 350
172: 10 153 314
173: 6
174: 25 253 357
175: 485
176: 24 343 423
177: 157 351
178: 23
179: 138 495
180: 46 311 457
181: 80 159
182: 185 237
183: 171
184: 25
185: 182 298
186: 23
187: 57 113 240 317 396
188: 96
189: 254 499
190: 16
191: 241 290 346 430 464
192: 90 220 228
193: 28
194: 71 381
195: 7
196: 10 271
197: 2 469
198: 13 45 66 434 491
199: 165
200: 146 489
201: 3 282 395
202: 42
203: 138
204: 268 290 419
205: 10 88
206: 27 63 65 315 320
207: 119
208: 89
209: 156 439
210: 25 496
211: 79 363
212: 100
213: 4 329
214: 94
215: 76
216: 233
217: 89
218: 78 230 386 447
219: 34 312 362
220: 192
221: 81
222: 82 453
223: 239 392
224: 75 234
225: 14
226: 82
227: 8 146
228: 192
229: 10
230: 218 397 444
231: 84
232: 171
233: 130 216
234: 224
235: 395
236: 285 462
237: 46 182 319
238: 408
239: 223 258 429
240: 187 318
241: 66 191
242: 124
243: 127
244: 301 493
245: 125
246: 165
247: 108
248: 138
249: 38
250: 0
251: 12 342
252: 53
253: 174
254: 48 114 189
255: 101 390 449
256: 152
257: 79 305
258: 239
259: 39 156 160 267
260: 35 446
261: 104
262: 167 340
263: 469
264: 107
265: 58 361
266: 97
267: 259 420
268: 204
269: 131 482
270: 119 376
271: 196 280
272: 162
273: 43
274: 287 368 465
275: 80
276: 66 322
277: 10 436
278: 25 409 421
279: 127 358
280: 271
281: 382 413
282: 201
283: 328 368
284: 155 348
285: 236
286: 61
287: 274
288: 161 477
289: 1 92 438 487
290: 191 204 327
291: 356
292: 0
293: 55 359
294: 74 299 369
295: 15
296: 65
297: 145 417
298: 185 321
299: 67 294 339
300: 98 405
301: 148 244 408
302: 19 393
303: 335 368
304: 109
305: 257
306: 34
307: 71
308: 123
309: 98
310: 94 428
311: 180 365
312: 219
313: 71 375
314: 172 316
315: 206
316: 314
317: 187
318: 240 349
319: 237
320: 206 391 402
321: 298
322: 276
323: 116
324: 106
325: 453
326: 156
327: 290
328: 283 377
329: 213
330: 11
331: 478
332: 485
333: 47 382
334: 37 128 170
335: 303
336: 169 388
337: 61 466
338: 94 418
339: 299
340: 262
341: 141
342: 251
343: 176
344: 73
345: 29 133 442
346: 191
347: 36
348: 284
349: 318
350: 171
351: 177
352: 6
353: 119
354: 168
355: 18
356: 5 291 371 492
357: 174
358: 279 471 486
359: 293 370
360: 63
361: 265
362: 219
363: 211
364: 101
365: 311 406
366: 41
367: 429
368: 110 274 283 303 435
369: 294
370: 359
371: 356
372: 155
373: 74 378
374: 26 78
375: 313
376: 270
377: 328 427
378: 373
379: 132
380: 396
381: 194
382: 281 333
383: 23
384: 37
385: 9 480
386: 218
387: 111
388: 336
389: 69
390: 255 498
391: 320 394
392: 2 223
393: 302
394: 391
395: 4 48 109 134 201 235
396: 187 380 425
397: 230
398: 139 473
399: 149
400: 85
401: 80 481
402: 320 412
403: 53
404: 143 452 455
405: 300 414
406: 365
407: 71
408: 0 16 81 238 301
409: 278
410: 98
411: 169
412: 402 460
413: 117 281 474
414: 405
415: 429
416: 50 431
417: 297
418: 338
419: 204
420: 267 445
421: 278
422: 122
423: 176
424: 58
425: 396
426: 28 450
427: 377
428: 310
429: 239 367 415
430: 191
431: 416
432: 127
433: 71
434: 198
435: 368
436: 277
437: 114
438: 289
439: 209
440: 5
441: 6
442: 345 476
443: 58
444: 230
445: 420
446: 260
447: 218 459
448: 154
449: 255
450: 426
451: 79
452: 404
453: 1 53 222 325
454: 53
455: 404
456: 52
457: 180
458: 112
459: 447
460: 412
461: 141
462: 86 236
463: 164
464: 191
465: 274
466: 337
467: 60
468: 94
469: 197 263
470: 493
471: 358
472: 124
473: 398
474: 413
475: 121
476: 442
477: 288
478: 6 7 51 59 147 331
479: 25
480: 385
481: 401
482: 269
483: 154
484: 38
485: 33 175 332
486: 358
487: 289
488: 115
489: 200
490: 127
491: 198
492: 356
493: 244 470
494: 127
495: 179
496: 210
497: 89
498: 390
499: 189