250 5

74 62 39 16 92 50 42 96 16 97 85 25 33 97 83 1 37 92 99 53 10 38 62 21 10 42 27 6 23 44 57 61 83 12 95 87 54 97 52 99 79 74 4 41 4 33 10 31 16 43 94 37 55 68 51 33 11 8 89 81 98 40 72 15 11 6 53 46 70 27 10 45 90 94 26 17 6 47 33 37 39 51 46 30 97 16 11 26 54 24 42 82 42 8 30 36 55 93 26 63 52 69 1 13 88 86 6 61 40 65 70 69 10 77 77 74 92 66 93 1 42 45 48 17 3 9 74 46 34 26 81 100 88 88 38 86 6 31 21 43 89 15 96 89 83 22 23 72 9 43 9 8 67 93 73 81 93 67 70 98 59 39 62 8 66 40 12 97 58 60 57 35 21 12 56 55 90 68 29 29 100 20 78 24 3 72 52 42 1 71 49 52 5 14 39 63 38 77 15 60 10 42 79 42 26 57 81 22 2 92 63 27 49 86 56 93 44 6 76 12 48 96 38 24 31 37 28 5 89 66 24 84 9 32 48 78 60 60 44 97 23 11 32 3 80 74 4 50 88 95
0: 21 45 102 103 125 128 215
1: 57 102 112 150 202
2: 35 150 218
3: 6 7 9 15 31 54 102 124 126 167
4: 15 20 170
5: 8 11 125
6: 3 146 227
7: 3 34 221
8: 5 42 49
9: 3
10: 27 47
11: 5 12
12: 11 195 213
13: 102 133 203 222
14: 79 85
15: 3 4 17 28 29 80 88 99 242
16: 71 85 151
17: 15 25 119 154
18: 67 112
19: 124 142 236
20: 4 39 61
21: 0 36 120 122 212
22: 26 69 92 127
23: 40 42 123
24: 102
25: 17 48 113 161 217
26: 22 208
27: 10 33 51 55 62 98 114 129 140 143 148 193 220 230
28: 15 121
29: 15 84 156
30: 59 102
31: 3 60 101 108 109
32: 150
33: 27 46 176 179 206
34: 7 83
35: 2
36: 21 43
37: 100 102 138
38: 44 57 111
39: 20 188
40: 23 104
41: 128 233
42: 8 23 152 186
43: 36 63 211
44: 38 50 62 183
45: 0 76
46: 33
47: 10 64 65
48: 25 141
49: 8 196 246
50: 44
51: 27 58
52: 79
53: 148
54: 3 56
55: 27
56: 54
57: 1 38 70
58: 51 238
59: 30 72 91 231
60: 31 94
61: 20
62: 27 44 75 245
63: 43
64: 47 130
65: 47 82
66: 119
67: 18 106
68: 70
69: 22
70: 57 68 95 207
71: 16
72: 59
73: 148
74: 85
75: 62
76: 45
77: 129 168
78: 102 240 243
79: 14 52
80: 15 178
81: 102 185
82: 65 247
83: 34 228
84: 29
85: 14 16 74 203
86: 89 102 147
87: 105 188
88: 15
89: 86 93 169
90: 119
91: 59 200
92: 22
93: 89 192
94: 60 163
95: 70
96: 102
97: 102
98: 27
99: 15 181 209
100: 37 136 225
101: 31
102: 0 1 3 13 24 30 37 78 81 86 96 97 127 131
103: 0 158 197
104: 40 162
105: 87 171
106: 67 160
107: 148
108: 31 191
109: 31
110: 208
111: 38 116 164
112: 1 18 137 145 149
113: 25 187
114: 27 132
115: 150
116: 111 155
117: 192
118: 227
119: 17 66 90 134 172 201
120: 21
121: 28
122: 21
123: 23
124: 3 19 175 239
125: 0 5 159 174
126: 3
127: 22 102
128: 0 41
129: 27 77
130: 64
131: 102
132: 114 214
133: 13 189
134: 119
135: 151
136: 100 224
137: 112
138: 37 229
139: 148
140: 27 180
141: 48
142: 19 210
143: 27
144: 171
145: 112 157
146: 6
147: 86
148: 27 53 73 107 139
149: 112 165 166
150: 1 2 32 115 204
151: 16 135 190
152: 42 248
153: 214
154: 17
155: 116 219
156: 29
157: 145
158: 103
159: 125
160: 106
161: 25
162: 104 173
163: 94 198
164: 111
165: 149
166: 149 232
167: 3
168: 77
169: 89 177
170: 4
171: 105 144 184
172: 119
173: 162
174: 125
175: 124
176: 33
177: 169 194
178: 80
179: 33 216 237
180: 140
181: 99
182: 186
183: 44
184: 171
185: 81
186: 42 182
187: 113
188: 39 87 199 244
189: 133
190: 151
191: 108
192: 93 117 223
193: 27
194: 177
195: 12
196: 49
197: 103
198: 163
199: 188 241
200: 91 226
201: 119
202: 1
203: 13 85
204: 150
205: 211
206: 33
207: 70
208: 26 110
209: 99
210: 142
211: 43 205
212: 21
213: 12
214: 132 153
215: 0
216: 179 234
217: 25
218: 2
219: 155 235
220: 27
221: 7
222: 13
223: 192
224: 136
225: 100
226: 200
227: 6 118
228: 83
229: 138
230: 27
231: 59
232: 166
233: 41
234: 216
235: 219
236: 19
237: 179
238: 58 249
239: 124
240: 78
241: 199
242: 15
243: 78
244: 188
245: 62
246: 49
247: 82
248: 152
249: 238