250 2

109 98 293 481 200 95 21 482 433 334 195 302 469 154 30 399 174 426 332 98 19 355 34 446 147 365 409 89 121 331 166 7 385 408 287 204 331 190 446 112 470 363 487 365 358 233 444 468 34 444 334 238 101 396 400 499 273 22 101 372 421 323 57 163 225 296 449 330 309 183 294 41 334 142 72 428 147 283 291 310 418 275 87 360 262 178 143 341 318 95 385 94 491 175 393 320 258 61 264 397 207 372 299 487 325 22 176 280 310 473 359 66 118 95 100 256 167 200 229 400 88 365 484 114 26 301 319 192 26 53 244 105 232 414 461 130 80 406 232 460 47 96 416 235 182 338 459 93 14 426 175 211 392 325 14 377 245 164 314 167 429 178 498 52 144 463 168 78 31 327 427 487 493 3 135 239 11 500 422 56 200 16 220 79 145 145 449 123 109 458 396 306 123 239 282 413 65 471 232 410 330 200 457 57 500 483 468 3 209 406 276 448 402 432 119 491 88 222 195 467 187 315 479 265 383 170 147 481 414 220 258 206 441 421 281 340 55 264 319 14 177 143 178 81 156 23 234 319 472 127
0: 31 111 120 122 128 168 215 248
1: 5 13 31 45 57 103 112 129 142 158
2: 31
3: 31 54 124 140 167
4: 20 31 170
5: 1 8 11 30 32 78 125 126 174
6: 9 17 31 81 118 146 227
7: 31 34 221
8: 5 23 49
9: 6 80
10: 47 140 148
11: 5 12
12: 11 195
13: 1 14 24 133 222
14: 13 16 52 79 85 135 202 203
15: 28 29 88 242
16: 14 71
17: 6 25 90 154
18: 31 67
19: 121 124 236
20: 4 28 39 61
21: 36 62 212
22: 26 31 69 92
23: 8 40 123
24: 13
25: 17 48 113 161 217
26: 22 208
27: 143 148 193 220 230
28: 15 20
29: 15 84 156
30: 5 59
31: 0 1 2 3 4 6 7 18 22 38 60 62 101 108 109 127 191 218
32: 5
33: 129 176 179
34: 7 83
35: 62
36: 21 43 205
37: 62 100 138
38: 31
39: 20 105 188
40: 23 104
41: 97 128 233
42: 152
43: 36 63 211
44: 62 183
45: 1 76
46: 129
47: 10 64 65
48: 25 141
49: 8 196 246
50: 245
51: 58 148
52: 14
53: 148
54: 3 56
55: 62
56: 54
57: 1 70
58: 51 238 249
59: 30 91 231
60: 31 94
61: 20
62: 21 31 35 37 44 55 68 75 150 245
63: 43
64: 47 130
65: 47 82
66: 174
67: 18 106
68: 62
69: 22
70: 57 207
71: 16
72: 231
73: 148
74: 203
75: 62 131
76: 45
77: 168
78: 5 89 240 243
79: 14
80: 9 178
81: 6 185
82: 65 247
83: 34 228
84: 29
85: 14
86: 89 96 147
87: 105
88: 15 99
89: 78 86 93 169
90: 17 119 172
91: 59 200 226
92: 22
93: 89 192
94: 60 163
95: 143
96: 86
97: 41 102
98: 176
99: 88 181 209
100: 37 136 225
101: 31
102: 97
103: 1 197
104: 40 162
105: 39 87 144 171 244
106: 67 160
107: 148
108: 31
109: 31
110: 208
111: 0 116 164
112: 1 137 145 149
113: 25 187
114: 129 132
115: 150
116: 111 155
117: 192
118: 6
119: 90 134 201
120: 0
121: 19
122: 0
123: 23
124: 3 19 175 239
125: 5 159
126: 5
127: 31
128: 0 41
129: 1 33 46 114 204
130: 64
131: 75
132: 114 214
133: 13 189
134: 119
135: 14 151
136: 100 224
137: 112
138: 37 229
139: 148
140: 3 10 180
141: 48
142: 1 210
143: 27 95
144: 105
145: 112 157
146: 6
147: 86
148: 10 27 51 53 73 107 139
149: 112 165 166
150: 62 115
151: 135
152: 42 182 248
153: 214
154: 17
155: 116 235
156: 29
157: 145
158: 1
159: 125
160: 106
161: 25
162: 104 173
163: 94 198
164: 111
165: 149
166: 149 232
167: 3
168: 0 77
169: 89 177
170: 4
171: 105 184
172: 90
173: 162
174: 5 66
175: 124
176: 33 98
177: 169 194
178: 80
179: 33 206 216 237
180: 140
181: 99
182: 152 186
183: 44
184: 171
185: 81
186: 182
187: 113
188: 39 199
189: 133
190: 203
191: 31
192: 93 117 223
193: 27
194: 177
195: 12 213
196: 49
197: 103
198: 163
199: 188 241
200: 91
201: 119
202: 14
203: 14 74 190
204: 129
205: 36
206: 179
207: 70
208: 26 110
209: 99
210: 142
211: 43
212: 21
213: 195
214: 132 153
215: 0
216: 179 234
217: 25
218: 31
219: 235
220: 27
221: 7
222: 13
223: 192
224: 136
225: 100
226: 91
227: 6
228: 83
229: 138
230: 27
231: 59 72
232: 166
233: 41
234: 216
235: 155 219
236: 19
237: 179
238: 58
239: 124
240: 78
241: 199
242: 15
243: 78
244: 105
245: 50 62
246: 49
247: 82
248: 0 152
249: 58