250 3

97 77 11 6 93 36 77 33 31 60 16 8 68 16 84 20 23 53 62 16 32 43 30 79 99 68 49 65 18 10 35 19 15 42 9 100 33 82 5 34 47 50 34 36 81 97 43 26 61 61 88 12 69 25 62 40 45 82 70 80 59 13 27 87 52 61 20 19 50 19 30 94 69 4 48 63 7 56 14 64 56 39 69 14 71 1 24 87 6 2 80 45 46 58 73 82 67 53 79 13 3 47 67 47 58 55 35 92 73 26 62 51 10 76 50 81 11 77 60 34 56 2 51 57 89 7 90 6 7 68 88 85 86 11 15 3 53 18 23 69 27 17 50 99 38 92 39 98 36 41 46 89 43 11 45 67 62 1 13 73 74 63 27 30 59 48 21 15 32 16 16 63 74 80 76 14 99 15 83 76 94 90 14 44 10 46 82 38 8 61 12 64 97 96 45 61 99 27 1 71 38 46 51 27 88 70 46 2 22 91 25 24 98 54 24 52 54 6 8 23 17 22 7 41 100 36 43 23 83 32 66 36 28 67 23 60 35 71 46 55 25 62 13 68 38 49 75 100 52 47
0: 38 116 125 127 158 168 215
1: 38 135 202
2: 10 115 128 143 150
3: 4 6 7 9 15 17 19 38 54 102 124 140 167 175
4: 3 170
5: 8 11 78 125
6: 3 146 227
7: 3 34 221
8: 5 23 42 49
9: 3
10: 2 47 51 55
11: 5 12 32
12: 11 213
13: 24 37 81 133 190 222
14: 79 85 135
15: 3 29 80 88 242
16: 85
17: 3 25 154
18: 38 45 67
19: 3 121 142 236
20: 61
21: 36 62 120 122 212
22: 26 69 92 127
23: 8 40 123
24: 13
25: 17 48 113 161 217
26: 22 208
27: 51 230
28: 61 121
29: 15 84 156
30: 59 125
31: 38 60 101 108 109
32: 11
33: 46 51 98 114 176 179 193 206
34: 7 83
35: 218
36: 21 43
37: 13 100 138
38: 0 1 3 18 31 44 57 62 111 112 118 126 218
39: 61 105 188
40: 23 104
41: 128 233
42: 8 152
43: 36 63 211
44: 38 183
45: 18 76
46: 33
47: 10 64 65
48: 25 141
49: 8 196 246
50: 62
51: 10 27 33 53 58 129 220
52: 135
53: 51 73
54: 3 56
55: 10
56: 54
57: 38
58: 51 238
59: 30 91 231
60: 31 94
61: 20 28 39
62: 21 38 50 68 70 77 204 245
63: 43
64: 47 130
65: 47 82
66: 90 119 125 172
67: 18 106 160
68: 62
69: 22
70: 62 95 207
71: 135
72: 231
73: 53 107 139 148
74: 85
75: 127
76: 45
77: 62
78: 5 89 96 240 243
79: 14
80: 15 178
81: 13 97 185
82: 65 247
83: 34 228
84: 29
85: 14 16 74 203
86: 89 147
87: 188
88: 15 99
89: 78 86 93 169
90: 66
91: 59 200
92: 22
93: 89 117 223
94: 60 198
95: 70
96: 78
97: 81
98: 33
99: 88 181 209
100: 37 136 225
101: 31
102: 3
103: 158 197
104: 40 162
105: 39 144
106: 67
107: 73
108: 31
109: 31
110: 208
111: 38 164
112: 38 137 145 149
113: 25 187
114: 33 132
115: 2
116: 0 155
117: 93
118: 38
119: 66 134 201
120: 21
121: 19 28
122: 21
123: 23
124: 3 239
125: 0 5 30 66 159 174
126: 38
127: 0 22 75 128 131 191
128: 2 41 127
129: 51
130: 64
131: 127
132: 114 153
133: 13 189
134: 119
135: 1 14 52 71 151 190
136: 100 224
137: 112
138: 37 229
139: 73
140: 3 180
141: 48
142: 19 210
143: 2
144: 105 171
145: 112 157
146: 6
147: 86
148: 73
149: 112 165 166
150: 2
151: 135
152: 42 182 248
153: 132 214
154: 17
155: 116 219
156: 29
157: 145
158: 0 103
159: 125
160: 67
161: 25
162: 104 173
163: 198
164: 111
165: 149
166: 149 232
167: 3
168: 0
169: 89 177
170: 4
171: 144 184
172: 66
173: 162
174: 125
175: 3
176: 33
177: 169 194
178: 80
179: 33 216 237
180: 140
181: 99
182: 152 186
183: 44
184: 171
185: 81
186: 182
187: 113
188: 39 87 199 244
189: 133
190: 13 135
191: 127
192: 223
193: 33
194: 177
195: 213
196: 49
197: 103
198: 94 163
199: 188 241
200: 91 226
201: 119
202: 1
203: 85
204: 62
205: 211
206: 33
207: 70
208: 26 110
209: 99
210: 142
211: 43 205
212: 21
213: 12 195
214: 153
215: 0
216: 179 234
217: 25
218: 35 38
219: 155 235
220: 51
221: 7
222: 13
223: 93 192
224: 136
225: 100
226: 200
227: 6
228: 83
229: 138
230: 27
231: 59 72
232: 166
233: 41
234: 216
235: 219
236: 19
237: 179
238: 58 249
239: 124
240: 78
241: 199
242: 15
243: 78
244: 188
245: 62
246: 49
247: 82
248: 152
249: 238