250 3

280 223 237 64 229 207 388 137 149 429 491 261 280 352 473 448 25 245 153 373 464 242 62 155 169 92 202 241 104 243 457 482 477 300 492 228 365 2 196 466 323 176 490 440 183 140 59 173 273 104 126 172 415 315 313 305 24 131 484 194 212 75 476 435 25 114 266 483 346 34 312 472 296 11 110 483 238 427 43 183 430 296 246 312 44 11 229 167 56 442 301 217 328 446 23 145 327 229 20 451 157 420 345 159 204 473 65 209 398 226 325 24 249 485 334 146 169 272 303 472 195 445 435 40 399 210 295 41 284 138 420 458 155 242 214 384 100 266 449 135 479 366 487 328 125 59 293 218 150 282 137 26 295 112 63 246 233 175 250 177 63 157 198 53 201 453 329 36 336 258 357 16 406 437 274 60 10 134 474 44 135 246 393 362 290 285 121 386 445 400 462 263 145 372 450 341 367 44 112 299 354 263 204 189 280 98 58 13 376 58 136 126 240 142 76 493 317 335 338 71 379 500 108 359 152 288 223 287 415 162 284 335 434 234 271 460 500 305 244 38 270 231 361 316 299 422 352 134 161 325
0: 37 45 103 111 120 127 168 215 248
1: 37 57 129 142 150 202
2: 35 150
3: 4 6 15 17 28 54 126 127 140 167 175
4: 3
5: 8 11 78 125 174
6: 3 146 227
7: 34 41 127 170 221
8: 5 23 42 49
9: 127
10: 47 148
11: 5 12
12: 11 213
13: 37 133 203 222
14: 79 85
15: 3 29 88 242
16: 71 85 135 151 190
17: 3 25 80 90 119 154
18: 67 112 127
19: 167 236
20: 61
21: 36 120 212
22: 26 69 92 101 127
23: 8 40 123
24: 37
25: 17 48 113 161 217
26: 22 110 208
27: 98 148 230
28: 3 61 121
29: 15 84 156
30: 37 59 78
31: 60 109 127
32: 150
33: 176 179
34: 7 83
35: 2
36: 21 205
37: 0 1 13 24 30 62 81 100 102 138
38: 111 218
39: 61
40: 23 104
41: 7 97 233
42: 8 186
43: 63 205
44: 50 183
45: 0 76
46: 98 129
47: 10 64 65
48: 25 141
49: 8 196 246
50: 44 62 245
51: 58 129 220
52: 79
53: 73
54: 3 56
55: 68 95
56: 54
57: 1 70
58: 51 238
59: 30 72 91 231
60: 31 94
61: 20 28 39 87
62: 37 50
63: 43
64: 47 130
65: 47 82
66: 125 172
67: 18 160
68: 55
69: 22
70: 57 95 207
71: 16
72: 59
73: 53 107 139 148
74: 85
75: 127
76: 45
77: 129
78: 5 30 86 89 96 169 240 243
79: 14 52
80: 17 178
81: 37 185
82: 65 247
83: 34 228
84: 29
85: 14 16 74 203
86: 78 147
87: 61 105 188 244
88: 15 99
89: 78 93
90: 17
91: 59 200 226
92: 22
93: 89 192
94: 60 163 198
95: 55 70 143
96: 78
97: 41
98: 27 46 176 193
99: 88 181 209
100: 37 136 225
101: 22
102: 37
103: 0 158 197
104: 40 162
105: 87 171
106: 160
107: 73
108: 191
109: 31
110: 26
111: 0 38 116 164
112: 18 145
113: 25 187
114: 129 132
115: 150
116: 111 155
117: 192
118: 248
119: 17 134 201
120: 0 21
121: 28
122: 212
123: 23
124: 175 239
125: 5 66 159
126: 3
127: 0 3 7 9 18 22 31 75 128 131 191
128: 127
129: 1 46 51 77 114
130: 64
131: 127
132: 114 214
133: 13 189
134: 119
135: 16
136: 100 224
137: 145
138: 37 229
139: 73
140: 3 180
141: 48
142: 1 210
143: 95
144: 171
145: 112 137 149 157
146: 6
147: 86
148: 10 27 73
149: 145 165 166
150: 1 2 32 115 204
151: 16
152: 186
153: 214
154: 17
155: 116 219
156: 29
157: 145
158: 103
159: 125
160: 67 106
161: 25
162: 104 173
163: 94
164: 111
165: 149
166: 149 232
167: 3 19
168: 0
169: 78 177
170: 7
171: 105 144 184
172: 66
173: 162
174: 5
175: 3 124
176: 33 98
177: 169 194
178: 80
179: 33 206 216 237
180: 140
181: 99
182: 186
183: 44
184: 171
185: 81
186: 42 152 182
187: 113
188: 87 199
189: 133
190: 16
191: 108 127
192: 93 117 223
193: 98
194: 177
195: 213
196: 49
197: 103
198: 94
199: 188 241
200: 91
201: 119
202: 1
203: 13 85
204: 150
205: 36 43 211
206: 179
207: 70
208: 26
209: 99
210: 142
211: 205
212: 21 122
213: 12 195
214: 132 153
215: 0
216: 179 234
217: 25
218: 38
219: 155 235
220: 51
221: 7
222: 13
223: 192
224: 136
225: 100
226: 91
227: 6
228: 83
229: 138
230: 27
231: 59
232: 166
233: 41
234: 216
235: 219
236: 19
237: 179
238: 58 249
239: 124
240: 78
241: 199
242: 15
243: 78
244: 87
245: 50
246: 49
247: 82
248: 0 118
249: 238