250 4

37 12 26 74 54 36 73 1 92 23 41 66 35 98 68 48 56 89 89 36 86 50 27 9 50 89 12 71 49 51 69 18 61 13 82 32 57 43 27 75 29 38 41 43 86 54 8 80 45 24 87 80 72 83 59 59 58 99 53 40 94 40 36 57 97 7 31 24 75 82 23 40 89 82 1 37 82 35 70 33 17 13 6 49 26 81 44 62 69 17 66 74 96 77 36 5 29 48 40 2 13 60 52 55 4 12 59 60 91 93 36 97 94 66 29 42 18 36 97 47 11 19 22 84 45 50 49 1 61 31 90 38 26 4 47 37 10 89 20 78 83 5 25 47 56 68 88 15 83 55 19 75 28 8 66 72 85 32 13 11 70 91 9 50 57 94 55 45 54 88 49 3 84 32 38 99 38 30 65 29 97 57 4 50 32 16 80 76 33 57 18 52 40 2 96 33 4 60 97 63 15 22 86 99 49 36 74 34 42 64 98 92 4 10 26 8 62 15 90 60 16 27 98 30 62 3 95 49 9 63 14 43 3 24 4 47 53 36 54 82 40 85 68 19 58 66 14 48 8 87
0: 116 120 127 215 220 248
1: 2 5 7 10 13 30 37 38 45 57 77 103 112 125 126 127 129 135 142 143 150 158 202 204 218
2: 1 35 174
3: 7 54
4: 7
5: 1 11
6: 7 146 227
7: 1 3 4 6 9 17 31 34 41 81 101 128 170 221
8: 23 49
9: 7 80
10: 1 47 140 148
11: 5 12
12: 11 213
13: 1 133 190 222
14: 79
15: 29 80 99 242
16: 74 190
17: 7 25 66 154
18: 67 127
19: 121 124 142 167 175 236
20: 61
21: 36 120 212
22: 26 69 92 127
23: 8 40 42 123
24: 37
25: 17 48 113 161 217
26: 22 110 208
27: 193 230
28: 61 121
29: 15 84 156
30: 1 59 96
31: 7 60 108 109
32: 150
33: 51 114 176 179 193 206
34: 7 83
35: 2
36: 21 205
37: 1 24 100 138
38: 1 44
39: 61 105 188
40: 23 104
41: 7 233
42: 23 152
43: 63 205
44: 38 183
45: 1 76
46: 129 193
47: 10 64 65
48: 25 141
49: 8 196 246
50: 62
51: 33 58
52: 79 190
53: 139 220
54: 3 56
55: 95
56: 54
57: 1
58: 51 238 249
59: 30 72 91 231
60: 31 94
61: 20 28 39
62: 50 127 245
63: 43
64: 47 130
65: 47 82
66: 17 90 119 172
67: 18 106 160
68: 70
69: 22
70: 68 95 207
71: 135
72: 59
73: 107
74: 16 85 203
75: 127
76: 45
77: 1
78: 89 96 240 243
79: 14 52
80: 9 15 178
81: 7 97 168 185
82: 65 247
83: 34 228
84: 29
85: 74
86: 89 147
87: 105
88: 99
89: 78 86 93 169
90: 66
91: 59 200
92: 22
93: 89 117 223
94: 60 163 198
95: 55 70 143
96: 30 78
97: 81
98: 193
99: 15 88 181 209
100: 37 136 225
101: 7
102: 127
103: 1 197
104: 40 162
105: 39 87 171 244
106: 67
107: 73 148
108: 31
109: 31
110: 26
111: 116 164
112: 1 149
113: 25 187
114: 33 132
115: 150
116: 0 111 155
117: 93
118: 248
119: 66 134 201
120: 0 21
121: 19 28
122: 212
123: 23
124: 19 239
125: 1 159
126: 1
127: 0 1 18 22 62 75 102 131 191
128: 7
129: 1 46
130: 64
131: 127
132: 114 153
133: 13 189
134: 119
135: 1 71
136: 100 224
137: 149
138: 37 229
139: 53
140: 10 180
141: 48
142: 1 19 210
143: 1 95
144: 171
145: 149 157
146: 6
147: 86
148: 10 107
149: 112 137 145 165 166
150: 1 32 115
151: 190
152: 42 182 248
153: 132 214
154: 17
155: 116 235
156: 29
157: 145
158: 1
159: 125
160: 67
161: 25
162: 104 173
163: 94
164: 111
165: 149
166: 149 232
167: 19
168: 81
169: 89 177
170: 7
171: 105 144 184
172: 66
173: 162
174: 2
175: 19
176: 33
177: 169 194
178: 80
179: 33 216 237
180: 140
181: 99
182: 152 186
183: 44
184: 171
185: 81
186: 182
187: 113
188: 39 199
189: 133
190: 13 16 52 151
191: 127
192: 223
193: 27 33 46 98
194: 177
195: 213
196: 49
197: 103
198: 94
199: 188 241
200: 91 226
201: 119
202: 1
203: 74
204: 1
205: 36 43 211
206: 33
207: 70
208: 26
209: 99
210: 142
211: 205
212: 21 122
213: 12 195
214: 153
215: 0
216: 179 234
217: 25
218: 1
219: 235
220: 0 53
221: 7
222: 13
223: 93 192
224: 136
225: 100
226: 200
227: 6
228: 83
229: 138
230: 27
231: 59
232: 166
233: 41
234: 216
235: 155 219
236: 19
237: 179
238: 58
239: 124
240: 78
241: 199
242: 15
243: 78
244: 105
245: 62
246: 49
247: 82
248: 0 118 152
249: 58