500 5

68 100 98 22 57 27 64 98 45 21 30 87 94 53 63 78 8 6 46 67 80 79 68 87 25 25 49 96 84 36 5 10 49 83 24 80 73 33 36 12 100 81 64 99 79 12 96 87 67 94 48 50 9 44 41 32 57 36 29 37 22 65 66 50 68 9 20 58 13 59 97 92 10 64 88 43 62 65 28 100 31 8 52 5 58 51 88 89 88 76 22 34 37 53 13 74 40 92 45 38 10 95 62 62 95 93 15 69 85 48 34 56 41 42 5 52 99 80 30 61 57 99 22 44 39 66 33 30 25 4 80 26 46 8 64 60 56 19 25 33 87 2 7 73 98 9 33 51 54 19 53 2 77 42 23 6 1 71 85 12 59 8 32 46 41 55 3 48 8 50 48 7 37 12 78 92 30 40 98 51 82 89 73 52 28 58 15 85 17 100 57 42 58 86 41 18 20 39 62 30 85 74 58 78 83 45 9 61 35 97 99 40 95 60 100 94 4 97 14 85 51 15 33 69 51 45 46 92 55 22 95 24 8 4 19 77 43 90 45 43 67 71 79 59 88 47 34 34 16 38 44 50 50 15 39 87 84 50 10 32 98 47 56 47 4 13 86 8 74 88 94 60 87 5 97 38 5 30 49 72 27 17 55 94 46 1 53 66 94 99 64 40 89 97 89 30 91 72 61 26 77 82 42 3 35 1 14 94 78 63 99 34 3 95 58 85 42 61 79 18 100 64 3 43 92 43 64 43 64 31 43 65 91 34 58 76 17 5 83 10 15 72 67 35 37 57 58 99 70 70 87 58 17 66 70 36 51 27 28 85 27 31 5 15 52 33 25 6 26 74 32 61 9 6 30 89 94 10 4 38 35 75 66 26 31 85 88 96 14 35 90 18 8 24 56 67 92 66 32 32 37 86 96 58 42 19 28 61 80 16 73 98 21 2 90 96 66 34 13 98 48 50 19 76 10 14 47 100 62 58 62 68 65 41 57 28 15 78 24 42 23 68 34 2 88 89 5 53 43 13 56 68 80 93 27 39 38 93 19 98 18 78 38 75 50 6 75 98 29 25 46 88 15 89 8 25 6 74 12 75 94 15 75 31 97 70 35 91 91 50 83 50 33 88 10 99 41 100 75 61
0: 9 39 81 146 193 196 250 292 302 306
1: 81 222 265 373
2: 69 126 143 197 392
3: 9 201
4: 39
5: 9 18 62 291 356 440
6: 25 35 173 352 478
7: 12 38 173 195 424
8: 9 14 93
9: 0 3 5 8 46 47 60 67 80 102 154 299 369 385 401
10: 49 116 196 205 229 277
11: 16 30 110 330
12: 7 169 251
13: 45 59 434
14: 8 32 97 225
15: 17 106 295 306 392
16: 11 72 79 190 408
17: 15 24 50 112 171 176 423
18: 5 75 355
19: 302
20: 68 107 196
21: 75 100
22: 196
23: 29 31 59 186 383
24: 17 105 121
25: 6 26 28 43 57 96 111 124 174 184 210 278 479
26: 25 158
27: 31 65 206
28: 25 85 426
29: 23 133
30: 11 64 70 123
31: 23 27 33 41 71
32: 14 83 157
33: 31 37 54
34: 141 219 306
35: 6 84 260
36: 196 347
37: 33 128 384
38: 7 90 249 484
39: 0 4 155 156 213
40: 63
41: 31 52 138 366
42: 55 202
43: 25 273
44: 52
45: 13 66 198
46: 9 139 182
47: 9 76 333
48: 114 196
49: 10
50: 17 136 416
51: 89 478
52: 41 44 456
53: 252 325 403 454
54: 33 175 332 485
55: 42 157 293
56: 65 167
57: 25 78 113 150 242 438
58: 87 94 265 424 443
59: 13 23 478
60: 9 99 120 125 130 467
61: 92 286 337
62: 5
63: 40 140 206 360
64: 30
65: 27 56 296 320
66: 45 191 241 276 491
67: 9
68: 20 129
69: 2 163 389
70: 30 86
71: 31 194 307 313 433
72: 16
73: 104 344 352
74: 373
75: 18 21 95 224
76: 47 108 215
77: 148
78: 57 187 218 317 374
79: 16 211 257 451
80: 9 159 165 275
81: 0 1 148 221 395 408
82: 118 226 306
83: 32 122
84: 35 231
85: 28 115 400
86: 70 131 166
87: 58
88: 205
89: 51 208 497
90: 38 192
91: 139 151 365
92: 61 188
93: 8 132 144
94: 58 214 310 338 468
95: 75
96: 25 188
97: 14 142 145 266
98: 149 196 300 309 410
99: 60
100: 21 212
101: 355 364
102: 9
103: 119 146
104: 73 261
105: 24 152
106: 15 324
107: 20 264
108: 76 247
109: 254 304
110: 11 303
111: 25 387
112: 17 458
113: 57
114: 48 164 254 437
115: 85 488
116: 10 323
117: 413
118: 82
119: 103 207 270 353
120: 60 161
121: 24 475
122: 83 422
123: 30 308
124: 25 472
125: 60 245
126: 2 127
127: 126 162 243 432 494
128: 37 170 334
129: 68
130: 60 216 233
131: 86 269
132: 93 379
133: 29 345
134: 304
135: 147
136: 50
137: 155
138: 41 179 203 248
139: 46 91 398
140: 63 168
141: 34 341 461
142: 97
143: 2 404
144: 93
145: 97 297
146: 0 103 200 227
147: 135 478
148: 77 81 238 244 301
149: 98 399
150: 57
151: 91
152: 105 256
153: 172
154: 9 448 483
155: 39 137 284 348 372
156: 39 160 209 259 326
157: 32 55 177
158: 26
159: 80 181
160: 156
161: 120 288
162: 127 272
163: 69
164: 114 463
165: 80 199 246
166: 86 236 462
167: 56 262
168: 140 354
169: 12 336 411
170: 128
171: 17 183 232 350
172: 153 196 314 325
173: 6 7
174: 25 253 357
175: 54
176: 17 343
177: 157 351
178: 186
179: 138 495
180: 365 457
181: 159
182: 46 319
183: 171
184: 25
185: 319
186: 23 178
187: 78
188: 92 96 240
189: 254 499
190: 16
191: 66 204 290 346 430 464
192: 90 220 228
193: 0
194: 71 381 407
195: 7
196: 0 10 20 22 36 48 98 172 271
197: 2 469
198: 45
199: 165
200: 146 489
201: 3 282
202: 42
203: 138
204: 191 268 419
205: 10 88
206: 27 63 315
207: 119
208: 89 217
209: 156 439
210: 25 496
211: 79 363
212: 100
213: 39 329
214: 94
215: 76
216: 130
217: 208
218: 78 230 386 447
219: 34 312 362
220: 192
221: 81
222: 1 453
223: 258 392
224: 75 234
225: 14
226: 82
227: 146
228: 192
229: 10
230: 218 397 444
231: 84
232: 171
233: 130
234: 224
235: 395
236: 166 285
237: 319
238: 148
239: 367
240: 188 318 349
241: 66
242: 57
243: 127
244: 148 470
245: 125
246: 165
247: 108
248: 138
249: 38
250: 0
251: 12 342
252: 53
253: 174
254: 109 114 189
255: 355 390 449
256: 152
257: 79 305
258: 223 367
259: 156 267
260: 35 446
261: 104
262: 167 340
263: 469
264: 107
265: 1 58 361
266: 97
267: 259 420
268: 204
269: 131 482
270: 119 376
271: 196 280
272: 162
273: 43
274: 303 465
275: 80
276: 66 322
277: 10 436
278: 25 409 421
279: 358 494
280: 271
281: 382 413
282: 201
283: 368 377
284: 155
285: 236
286: 61
287: 303
288: 161 477
289: 438 487
290: 191 327
291: 5 371
292: 0
293: 55 359
294: 299
295: 15
296: 65
297: 145 417
298: 319 321
299: 9 294 339
300: 98 405
301: 148
302: 0 19 393
303: 110 274 287 335 368
304: 109 134
305: 257
306: 0 15 34 82
307: 71
308: 123
309: 98
310: 94 428
311: 365
312: 219
313: 71 375
314: 172 316
315: 206
316: 314
317: 78 380
318: 240
319: 182 185 237 298
320: 65 391 402
321: 298
322: 276
323: 116
324: 106
325: 53 172
326: 156
327: 290
328: 377
329: 213
330: 11
331: 478
332: 54
333: 47 382
334: 128
335: 303
336: 169 388
337: 61 466
338: 94 418
339: 299
340: 262
341: 141
342: 251
343: 176
344: 73
345: 133 442
346: 191
347: 36
348: 155
349: 240
350: 171
351: 177
352: 6 73 441
353: 119
354: 168
355: 18 101 255
356: 5 492
357: 174
358: 279 471 486
359: 293 370
360: 63
361: 265
362: 219
363: 211
364: 101
365: 91 180 311 406
366: 41
367: 239 258 415 429
368: 283 303 435
369: 9
370: 359
371: 291
372: 155
373: 1 74 378
374: 78
375: 313
376: 270
377: 283 328 427
378: 373
379: 132
380: 317 425
381: 194
382: 281 333
383: 23
384: 37
385: 9 480
386: 218
387: 111
388: 336
389: 69
390: 255 498
391: 320 394
392: 2 15 223
393: 302
394: 391
395: 81 235
396: 425
397: 230
398: 139 473
399: 149
400: 85
401: 9 481
402: 320 412
403: 53
404: 143 452 455
405: 300 414
406: 365
407: 194
408: 16 81
409: 278
410: 98
411: 169
412: 402 460
413: 117 281 474
414: 405
415: 367
416: 50 431
417: 297
418: 338
419: 204
420: 267 445
421: 278
422: 122
423: 17
424: 7 58
425: 380 396
426: 28 450
427: 377
428: 310
429: 367
430: 191
431: 416
432: 127
433: 71
434: 13
435: 368
436: 277
437: 114
438: 57 289
439: 209
440: 5
441: 352
442: 345 476
443: 58
444: 230
445: 420
446: 260
447: 218 459
448: 154
449: 255
450: 426
451: 79
452: 404
453: 222
454: 53
455: 404
456: 52
457: 180
458: 112
459: 447
460: 412
461: 141
462: 166
463: 164
464: 191
465: 274
466: 337
467: 60
468: 94
469: 197 263
470: 244 493
471: 358
472: 124
473: 398
474: 413
475: 121
476: 442
477: 288
478: 6 51 59 147 331
479: 25
480: 385
481: 401
482: 269
483: 154
484: 38
485: 54
486: 358
487: 289
488: 115
489: 200
490: 494
491: 66
492: 356
493: 470
494: 127 279 490
495: 179
496: 210
497: 89
498: 390
499: 189