250 3

76 10 55 65 69 60 31 99 90 85 98 34 47 89 36 76 15 22 57 38 59 63 1 59 21 58 57 55 81 59 37 72 34 91 19 10 5 76 76 100 2 20 93 70 59 96 96 9 42 90 86 73 97 52 70 53 14 75 97 85 38 77 72 82 34 34 19 80 97 8 43 21 95 61 1 68 62 66 13 56 58 83 60 73 71 17 16 93 9 33 70 59 77 37 31 21 56 59 47 66 15 91 28 11 41 56 6 54 77 26 7 20 79 79 36 56 42 1 12 71 40 46 11 78 73 94 5 99 66 57 10 22 15 75 11 8 3 4 27 58 1 33 19 14 13 8 60 26 97 22 90 40 57 2 86 44 26 3 97 4 28 15 11 80 36 76 97 39 62 100 11 88 2 14 9 97 38 59 91 18 34 66 11 88 11 71 39 27 88 86 89 40 57 3 12 15 81 36 79 51 78 74 96 41 60 37 57 70 14 29 50 51 84 29 77 85 37 30 58 52 63 1 97 67 63 57 1 45 76 27 31 36 30 39 28 95 69 74 81 15 57 64 31 14 29 16 14 96 23 58
0: 1 134
1: 0 2 3 4 5 6 246 247 248 249
2: 1
3: 1
4: 1
5: 1
6: 1 9 10
7: 244
8: 135
9: 6
10: 6
11: 16
12: 16
13: 17
14: 122
15: 16
16: 11 12 15 17 21
17: 13 16 22
18: 22
19: 22
20: 22
21: 16
22: 17 18 19 20 24 25 26 27 33 216
23: 24
24: 22 23 28
25: 22
26: 22
27: 22
28: 24
29: 85
30: 35
31: 36
32: 36 201
33: 22 36
34: 36
35: 30 40
36: 31 32 33 34 40 150
37: 40
38: 40
39: 40
40: 35 36 37 38 39 41 42 43 44 45
41: 40
42: 40 47
43: 40
44: 40 135
45: 40
46: 47
47: 42 46 48 49 51 52
48: 47
49: 47
50: 182
51: 47 56
52: 47
53: 126
54: 56
55: 56
56: 51 54 55 57 58 59 200
57: 56
58: 56
59: 56
60: 126
61: 64
62: 66
63: 66
64: 61 69
65: 69
66: 62 63 69
67: 69
68: 69
69: 64 65 66 67 68 70 74
70: 69 208
71: 74
72: 74
73: 74 78
74: 69 71 72 73 75 76 77 79 176 232
75: 74
76: 74
77: 74
78: 73 80 81 82
79: 74
80: 78
81: 78
82: 78
83: 88
84: 86
85: 29 88 110
86: 84 88
87: 88
88: 83 85 86 87 89 91 93
89: 88 100
90: 193
91: 88
92: 136
93: 88
94: 95
95: 94 100
96: 100
97: 100
98: 103
99: 103
100: 89 95 96 97
101: 106
102: 106
103: 98 99 106 242
104: 106
105: 106
106: 101 102 103 104 105 107 108 109 110 111 215
107: 106
108: 106
109: 106
110: 85 106 112 113 171
111: 106
112: 110 117
113: 110
114: 117
115: 117
116: 117
117: 112 114 115 116 118 119 120 121 122 218
118: 117
119: 117
120: 117
121: 117 126
122: 14 117
123: 126
124: 126
125: 126
126: 53 60 121 123 124 125 128 129 131
127: 130
128: 126
129: 126
130: 127 135 163
131: 126 136
132: 136
133: 136
134: 0 140
135: 8 44 130 140
136: 92 131 132 133 140
137: 140
138: 140 182
139: 140
140: 134 135 136 137 138 139 141 142 143 144 145 213
141: 140
142: 140
143: 140
144: 140
145: 140 146 147 202
146: 145
147: 145
148: 153
149: 153
150: 36 153
151: 153
152: 153
153: 148 149 150 151 152 155 156 157 158 185
154: 157
155: 153
156: 153
157: 153 154 159 160 161 162
158: 153
159: 157
160: 157
161: 157
162: 157 164 165 166
163: 130
164: 162
165: 162
166: 162
167: 172
168: 172
169: 172
170: 172
171: 110 172
172: 167 168 169 170 171 173 174 175 176 177
173: 172
174: 172 178 179
175: 172
176: 74 172
177: 172
178: 174
179: 174
180: 184
181: 184
182: 50 138 184 186 187
183: 221
184: 180 181 182 189
185: 153
186: 182
187: 182
188: 193
189: 184
190: 193
191: 193 243
192: 193
193: 90 188 190 191 192 194 195 198
194: 193 196 197 199
195: 193 221
196: 194
197: 194
198: 193
199: 194
200: 56
201: 32
202: 145
203: 205
204: 209
205: 203 208
206: 208
207: 208
208: 70 205 206 207 209 210 211 212
209: 204 208 214
210: 208
211: 208
212: 208
213: 140
214: 209
215: 106
216: 22 221
217: 221
218: 117
219: 221
220: 221
221: 183 195 216 217 219 220 222 224 225 226
222: 221
223: 226
224: 221
225: 221
226: 221 223 227 228 229 230 231
227: 226
228: 226
229: 226
230: 226
231: 226
232: 74
233: 248
234: 235 239
235: 234
236: 239
237: 239
238: 239
239: 234 236 237 238 243
240: 243
241: 243
242: 103
243: 191 239 240 241 244
244: 7 243
245: 246
246: 1 245
247: 1
248: 1 233
249: 1