500 2

100 2 30 93 49 33 47 2 66 87 35 61 47 91 56 19 36 63 19 39 97 51 92 82 79 61 35 94 69 90 95 50 93 70 36 26 53 45 56 75 33 29 8 61 62 82 94 7 23 77 99 63 46 60 43 79 84 68 11 37 21 56 87 74 39 11 23 39 46 42 1 24 41 17 73 52 43 65 59 51 55 24 39 93 66 53 64 73 94 27 10 3 8 60 78 8 98 30 96 84 34 73 68 52 55 31 65 19 69 62 84 79 68 84 21 50 64 59 69 74 48 72 15 67 58 77 27 41 56 22 49 20 69 16 4 43 69 11 20 84 51 43 47 11 84 17 11 69 99 84 28 4 91 61 17 80 87 74 99 62 78 44 15 41 62 97 89 10 36 24 50 2 83 8 17 50 55 69 8 15 68 5 17 65 78 45 29 5 61 7 49 44 79 17 10 44 85 32 83 17 98 86 61 38 26 24 10 76 50 8 30 43 14 53 96 18 32 83 87 29 44 14 6 18 28 17 26 37 60 80 47 11 5 17 87 31 52 12 88 31 6 96 62 99 18 66 24 82 96 53 24 5 58 95 30 7 23 43 6 3 32 48 29 50 13 8 15 44 5 55 84 25 55 1 73 14 83 94 20 85 74 93 39 60 65 48 93 36 18 7 32 23 91 6 77 7 22 30 95 30 75 46 67 72 77 32 82 36 18 71 69 81 22 41 30 90 95 78 28 82 36 56 26 33 100 36 100 82 20 71 53 10 86 79 54 65 55 58 4 1 28 7 40 59 34 91 39 19 81 74 66 86 93 94 34 99 39 20 96 92 86 12 50 96 24 87 55 95 24 71 13 41 56 68 63 69 55 24 86 37 17 12 34 38 14 36 29 81 32 60 32 89 72 22 24 24 22 46 90 45 65 66 85 87 24 48 86 88 96 30 28 41 70 28 55 68 65 6 95 52 92 51 55 48 27 16 22 81 57 5 57 73 35 72 51 36 90 64 22 18 83 98 45 87 99 57 29 44 5 98 62 37 16 50 80 30 13 1 65 99 50 92 79 44 58 5 19 56 76 62 79 7 27 38 9 87 33 10 75 74 97 89 58 46 77 48 14 49 7 66 40 15 98 25 41 25 81 88 39 68
0: 2
1: 2 3 4 80 498 499
2: 0 1
3: 1
4: 1 7
5: 7
6: 7
7: 4 5 6 8 9 10 472
8: 7
9: 7
10: 7 11 271
11: 10
12: 15
13: 15
14: 15
15: 12 13 14 16 17 18
16: 15
17: 15 474
18: 15 19 20 21
19: 18
20: 18
21: 18 22
22: 21
23: 26
24: 26
25: 26 413
26: 23 24 25 27 28 29
27: 26
28: 26
29: 26
30: 41
31: 34
32: 35
33: 35
34: 31 35
35: 32 33 34 36 37 38
36: 35 124
37: 35
38: 35 41
39: 42
40: 42
41: 30 38 42
42: 39 40 41 43 44 117 445
43: 42
44: 42 47
45: 47
46: 47
47: 44 45 46 48 49 361
48: 47 50 221
49: 47
50: 48
51: 54
52: 54
53: 54
54: 51 52 53 55
55: 54 58
56: 58
57: 58
58: 55 56 57 59 60 61
59: 58
60: 58 62
61: 58
62: 60 65
63: 65
64: 65
65: 62 63 64 66 68
66: 65
67: 70
68: 65 70
69: 70
70: 67 68 69 72 73 281
71: 73 422
72: 70
73: 70 71 74 75 76
74: 73 322
75: 73
76: 73 77
77: 76
78: 81
79: 81 275 457
80: 1
81: 78 79 82 83 84
82: 81
83: 81 85
84: 81
85: 83 86
86: 85
87: 90
88: 91
89: 91 92
90: 87 91
91: 88 89 90 93 94 383
92: 89 95 221 396
93: 91
94: 91
95: 92 97 98 126
96: 97
97: 95 96 99 100
98: 95
99: 97
100: 97 101
101: 100
102: 105
103: 105
104: 107 240
105: 102 103 107
106: 255
107: 104 105 108 109
108: 107
109: 107
110: 452
111: 114
112: 114
113: 115
114: 111 112 115 116
115: 113 114
116: 114 194
117: 42
118: 446
119: 122
120: 122
121: 122
122: 119 120 121 125 461
123: 126
124: 36
125: 122 126
126: 95 123 125
127: 129
128: 131
129: 127 131
130: 133
131: 128 129 133 141
132: 134
133: 130 131 134 402
134: 132 133 135 136 137 266 306
135: 134 424
136: 134 259
137: 134 138 139 140
138: 137
139: 137
140: 137 143
141: 131
142: 143 381
143: 140 142 144 145 146
144: 143
145: 143
146: 143 147 148
147: 146
148: 146 151
149: 151
150: 151
151: 148 149 150 153 154 338 414
152: 154
153: 151 156
154: 151 152 155 157
155: 154
156: 153
157: 154
158: 161
159: 161
160: 162
161: 158 159 162
162: 160 161 163 164 308
163: 162
164: 162 167
165: 167
166: 167
167: 164 165 166 168
168: 167 171
169: 171
170: 171
171: 168 169 170 172 173 174
172: 171
173: 171 175 176
174: 171 247 331
175: 173 178
176: 173
177: 178
178: 175 177 181
179: 181
180: 181
181: 178 179 180 182 183 184
182: 181
183: 181
184: 181 187
185: 187
186: 187
187: 184 185 186 188 189 190
188: 187
189: 187 191 192
190: 187
191: 189 194
192: 189
193: 194 196
194: 116 191 193 195 197
195: 194
196: 193
197: 194 199
198: 199
199: 197 198 200 201 202
200: 199
201: 199
202: 199
203: 206
204: 206
205: 206
206: 203 204 205 209
207: 209
208: 209
209: 206 207 208 210 211 212
210: 209
211: 209
212: 209 213 214 215
213: 212
214: 212
215: 212 216 217 218
216: 215
217: 215 264
218: 215
219: 222
220: 222
221: 48 92 222 498
222: 219 220 221 223 224 225
223: 222
224: 222
225: 222 226 227 280 439
226: 225
227: 225
228: 231
229: 232
230: 232
231: 228 232
232: 229 230 231 233 234 235
233: 232
234: 232 237
235: 232
236: 237
237: 234 236 238 240
238: 237
239: 240
240: 104 237 239 242 243 288
241: 244
242: 240 244
243: 240 295
244: 241 242 245 246 247
245: 244
246: 244
247: 174 244
248: 251
249: 251
250: 251
251: 248 249 250 252 253 254 441
252: 251 255
253: 251
254: 251
255: 106 252 258
256: 259
257: 258
258: 255 257 259 260
259: 136 256 258 261 262 397
260: 258
261: 259
262: 259
263: 265
264: 217 265
265: 263 264 268 295
266: 134 268
267: 268
268: 265 266 267 269 270
269: 268
270: 268 273
271: 10
272: 273
273: 270 272 274 275 276 440
274: 273
275: 79 273 278 400
276: 273
277: 278
278: 275 277 279 281
279: 278 282
280: 225
281: 70 278
282: 279 283 284
283: 282
284: 282
285: 288
286: 289
287: 289
288: 240 285 289
289: 286 287 288 290
290: 289 293
291: 293 488
292: 293
293: 290 291 292 294 296
294: 293
295: 243 265 297 298 466
296: 293
297: 295 300
298: 295
299: 301 302 486
300: 297
301: 299
302: 299
303: 305
304: 424
305: 303 308
306: 134
307: 308
308: 162 305 307 309 311
309: 308 312
310: 312
311: 308
312: 309 310 313 314 315
313: 312
314: 312
315: 312 318
316: 318
317: 318
318: 315 316 317 321
319: 452
320: 322
321: 318
322: 74 320 323 324
323: 322
324: 322
325: 328
326: 328
327: 328
328: 325 326 327 329 331
329: 328
330: 331
331: 174 328 330 332 333 334
332: 331
333: 331
334: 331
335: 453
336: 339
337: 339
338: 151 339
339: 336 337 338 340 341 342
340: 339
341: 339 343 344
342: 339
343: 341
344: 341 347
345: 347
346: 347
347: 344 345 346 348 349 350
348: 347
349: 347
350: 347
351: 354
352: 354
353: 354
354: 351 352 353 357
355: 357 410
356: 357
357: 354 355 356 358 359
358: 357 361
359: 357
360: 361
361: 47 358 360 362 363 364
362: 361
363: 361
364: 361 365
365: 364
366: 368
367: 370
368: 366 370
369: 370
370: 367 368 369 371 372 373 454
371: 370
372: 370
373: 370
374: 377
375: 377
376: 377
377: 374 375 376 380
378: 380 381
379: 381
380: 377 378
381: 142 378 379 382 384
382: 381
383: 91
384: 381 385 386 387
385: 384
386: 384 388 389
387: 384
388: 386
389: 386
390: 393
391: 393
392: 393
393: 390 391 392 394 395 396
394: 393
395: 393 398
396: 92 393 399
397: 259
398: 395
399: 396
400: 275
401: 404
402: 133 404
403: 404
404: 401 402 403 405 406 407
405: 404
406: 404
407: 404
408: 410
409: 410
410: 355 408 409 411 412 413
411: 410
412: 410
413: 25 410
414: 151 417
415: 417
416: 417
417: 414 415 416 419 420
418: 435
419: 417
420: 417
421: 424
422: 71
423: 425
424: 135 304 421 425
425: 423 424 426 428
426: 425
427: 429
428: 425 429
429: 427 428 430 431 432 434
430: 429
431: 429
432: 429 433
433: 432
434: 429
435: 418 438
436: 439
437: 438
438: 435 437 439
439: 225 436 438 442
440: 273
441: 251
442: 439
443: 477
444: 447
445: 42 448
446: 118 448
447: 444 448
448: 445 446 447 449 450 451
449: 448
450: 448 452
451: 448 453
452: 110 319 450
453: 335 451
454: 370 456
455: 457
456: 454 457
457: 79 455 456 458 459 460
458: 457
459: 457
460: 457
461: 122
462: 465
463: 465
464: 465
465: 462 463 464 466 467 468
466: 295 465
467: 465
468: 465 471
469: 471
470: 471
471: 468 469 470 472 473 474
472: 7 471
473: 471
474: 17 471 475 477
475: 474
476: 477
477: 443 474 476 478 479 480
478: 477
479: 477
480: 477
481: 483
482: 483
483: 481 482 486
484: 486
485: 486 488
486: 299 483 484 485
487: 488
488: 291 485 487 489 490 491
489: 488
490: 488
491: 488 492 493 494
492: 491 495
493: 491 496
494: 491
495: 492 497
496: 493
497: 495
498: 1 221
499: 1