250 2

126 392 337 103 184 373 198 56 71 344 354 29 453 278 202 419 76 88 369 327 96 47 312 262 59 46 60 410 351 215 65 142 236 86 386 119 341 65 7 429 88 115 356 421 96 107 10 116 421 42 83 490 214 256 455 375 124 469 376 47 39 86 479 434 34 262 78 205 144 390 285 150 366 283 319 129 374 476 16 383 247 205 111 315 412 32 5 494 149 309 47 259 290 405 252 60 173 148 4 324 370 253 426 188 133 8 155 129 463 67 442 90 253 449 494 171 193 165 181 444 315 484 162 232 66 174 36 86 361 282 213 139 362 162 139 389 192 138 49 341 55 190 374 483 423 264 496 187 390 443 438 144 95 436 348 149 184 390 321 362 466 320 358 361 222 462 300 197 324 81 280 309 346 52 346 102 353 340 431 33 363 157 200 388 345 80 76 343 124 375 189 244 409 191 269 308 430 163 43 420 499 486 118 103 454 358 461 213 154 44 131 430 312 90 79 445 315 146 227 185 213 402 350 163 494 142 471 102 461 159 498 274 207 158 305 71 240 430 315 251 16 92 469 300 253 420 221 223 240 423
0: 1 247 249
1: 0 3
2: 59
3: 1 7 248
4: 7
5: 7
6: 11
7: 3 4 5 11
8: 11 13
9: 11
10: 11
11: 6 7 8 9 10 12 15 16 185
12: 11
13: 8
14: 17
15: 11
16: 11 17 21 68 223
17: 14 16
18: 21
19: 21
20: 25
21: 16 18 19 24 25 197 220
22: 25
23: 25
24: 21
25: 20 21 22 23 26 27 28 30 46
26: 25 31
27: 25
28: 25
29: 85
30: 25 32
31: 26 162
32: 30
33: 38
34: 38
35: 38
36: 38
37: 38
38: 33 34 35 36 37 39 40 41 42 43
39: 38
40: 38
41: 38
42: 38 46
43: 38
44: 49
45: 46
46: 25 42 45 47 48 49 50 143
47: 46
48: 46
49: 44 46 51 52 53 54
50: 46 116
51: 49
52: 49
53: 49 126
54: 49
55: 60
56: 60
57: 60
58: 60
59: 2 64 205
60: 55 56 57 58 64 126
61: 64
62: 64
63: 64
64: 59 60 61 62 63 65 66 69 211
65: 64
66: 64 67 70 71 115 160
67: 66
68: 16
69: 64
70: 66
71: 66
72: 75
73: 78
74: 75
75: 72 74 78
76: 78
77: 78
78: 73 75 76 77 79 80 81
79: 78
80: 78
81: 78 86
82: 86
83: 86
84: 86
85: 29 86 110
86: 81 82 83 84 85 87 88 89 90 91 207
87: 86
88: 86
89: 86
90: 86 92 193
91: 86
92: 90
93: 98
94: 98
95: 98
96: 98
97: 98
98: 93 94 95 96 97 99 100 101 102 103
99: 98
100: 98 105
101: 98
102: 98
103: 98
104: 105
105: 100 104 106 107 108 109 110 237
106: 105
107: 105
108: 105
109: 105 111 112 113 114
110: 85 105
111: 109
112: 109
113: 109
114: 109
115: 66
116: 50
117: 122
118: 122
119: 124
120: 124
121: 126
122: 117 118 126
123: 126
124: 119 120 126 127
125: 126
126: 53 60 121 122 123 124 125 128 129 131
127: 124 130 132
128: 126
129: 126
130: 127
131: 126 150
132: 127
133: 138
134: 138
135: 138
136: 138
137: 138
138: 133 134 135 136 137 139 140 141 142 143
139: 138
140: 138 144 145
141: 138
142: 138
143: 46 138
144: 140
145: 140
146: 151
147: 152
148: 152
149: 152
150: 131
151: 146 152
152: 147 148 149 151 153 154 155 156 157
153: 152 185
154: 152
155: 152 158 159
156: 152 161
157: 152
158: 155
159: 155
160: 66
161: 156
162: 31
163: 167
164: 169
165: 169
166: 169
167: 163 169
168: 173
169: 164 165 166 167 173
170: 173
171: 173
172: 173
173: 168 169 170 171 172 174 175 192
174: 173 179
175: 173
176: 179
177: 179
178: 179
179: 174 176 177 178 180 181 182 183 198
180: 179
181: 179 186
182: 179
183: 179
184: 186
185: 11 153
186: 181 184 187 188 189 190 191
187: 186
188: 186
189: 186
190: 186
191: 186
192: 173
193: 90 198
194: 198
195: 198
196: 198
197: 21
198: 179 193 194 195 196 199 200 201 202 203
199: 198
200: 198
201: 198
202: 198
203: 198
204: 209
205: 59
206: 209
207: 86 209
208: 209
209: 204 206 207 208 210 211 212 213 214
210: 209
211: 64 209
212: 209
213: 209
214: 209 215 216 217 218 219
215: 214
216: 214
217: 214
218: 214
219: 214
220: 21
221: 225
222: 227
223: 16 227
224: 227
225: 221 227
226: 227
227: 222 223 224 225 226 228 229
228: 227
229: 227
230: 235
231: 235
232: 235
233: 235
234: 235
235: 230 231 232 233 234 240
236: 240
237: 105 240
238: 240
239: 240
240: 235 236 237 238 239 241 242 243 244 245
241: 240 246
242: 240
243: 240
244: 240
245: 240
246: 241
247: 0
248: 3
249: 0