1500 4

39 43 73 58 75 5 68 17 88 29 61 39 72 99 33 95 48 90 41 30 75 97 70 44 40 4 97 72 28 8 13 12 37 49 56 47 65 85 86 91 72 90 81 78 53 19 19 75 50 48 87 35 58 66 65 38 3 6 1 52 94 7 17 62 24 59 50 68 79 50 72 88 50 19 4 33 33 28 84 85 71 43 30 60 2 18 99 90 52 97 36 17 40 96 31 8 66 97 22 67 89 23 10 58 43 44 36 14 23 5 37 93 72 14 68 91 43 84 98 35 73 11 63 6 7 36 24 66 18 42 83 71 23 42 20 75 81 14 86 44 51 30 94 23 53 67 93 46 18 34 60 91 75 17 24 75 37 95 49 64 92 56 65 47 4 92 49 48 74 97 5 38 54 27 39 62 12 4 4 88 87 97 13 23 2 27 55 7 27 27 37 42 71 2 46 25 76 58 40 48 95 20 11 26 30 48 59 42 68 90 52 68 88 86 60 46 80 25 99 46 89 82 2 28 46 48 25 63 17 65 97 23 89 20 46 59 76 82 82 21 24 84 15 21 68 38 15 95 6 95 94 18 41 6 48 66 69 17 31 39 66 8 59 16 74 72 35 61 88 1 3 37 85 60 65 95 3 48 32 65 61 64 11 33 19 67 32 46 21 72 75 84 9 96 47 37 68 43 46 9 52 66 26 32 15 47 18 94 40 67 11 89 52 88 91 5 22 65 88 3 10 27 2 29 61 8 49 79 8 7 19 85 48 39 5 71 50 95 100 78 82 91 53 63 82 32 54 85 17 69 16 94 17 82 45 71 81 68 46 38 42 99 50 90 72 20 47 70 22 1 47 31 2 66 77 93 26 31 26 55 78 40 15 50 82 61 6 94 57 88 37 95 15 2 15 54 19 51 37 47 32 35 96 15 59 46 14 61 67 46 54 38 97 96 53 51 70 77 73 45 81 46 60 5 41 30 91 60 17 81 30 67 28 7 26 38 78 57 75 59 37 59 62 44 48 13 66 88 30 31 79 30 73 47 80 63 57 99 75 83 14 20 83 65 78 21 18 69 76 35 6 49 35 35 93 96 67 87 18 87 84 5 43 32 85 82 14 50 19 18 78 62 60 61 30 25 35 66 39 31 12 25 47 36 17 64 64 32 61 57 45 64 77 99 49 83 50 66 5 65 93 22 8 58 85 48 77 77 48 22 45 57 62 17 53 39 76 74 88 16 44 45 79 47 39 95 6 95 72 28 53 10 2 90 33 17 31 86 39 23 86 96 69 81 93 98 98 16 98 91 21 37 80 3 63 96 65 79 97 71 21 49 94 38 85 75 20 5 43 97 30 96 15 34 39 31 63 19 22 96 5 56 37 53 34 73 21 80 45 47 19 20 66 91 54 3 51 92 27 94 72 41 33 94 62 2 13 5 10 7 1 17 8 4 21 37 54 33 52 14 100 46 43 88 98 34 89 29 10 6 1 44 45 5 4 91 65 27 13 17 25 56 37 13 13 45 87 41 78 56 57 13 29 94 91 99 4 26 51 9 74 66 67 41 19 30 72 19 4 65 99 33 4 87 79 92 10 87 33 62 43 14 65 11 29 2 9 74 36 91 88 5 27 72 46 11 55 93 38 46 44 86 6 44 14 69 43 72 55 66 20 57 83 34 6 78 98 77 27 92 86 3 100 96 1 70 37 84 100 43 96 13 11 56 67 16 18 72 87 87 39 83 41 4 2 81 3 85 12 35 43 25 80 74 4 98 40 26 27 59 26 73 34 77 30 1 40 27 59 52 7 76 30 10 35 13 20 34 50 60 66 54 4 68 25 16 31 100 53 93 34 74 97 45 11 84 33 61 17 87 46 25 37 14 59 64 35 72 69 89 60 74 72 42 36 97 48 99 61 48 46 95 68 14 27 11 76 6 37 3 61 78 56 81 84 3 66 75 29 11 45 51 38 45 19 50 48 41 46 37 46 47 19 25 27 47 87 24 55 44 87 6 22 96 18 76 82 64 39 65 43 7 48 37 16 28 40 81 89 52 68 70 92 49 11 97 77 22 49 39 40 79 23 59 65 44 91 95 62 13 39 20 93 20 11 67 83 83 73 65 26 81 24 59 69 10 89 58 78 5 65 38 65 74 38 52 77 47 38 21 89 63 42 42 74 65 7 68 37 78 49 38 9 73 33 86 64 19 76 49 63 6 5 13 53 87 71 60 42 45 82 1 45 60 87 47 54 39 38 43 12 68 39 62 93 41 31 48 82 78 26 13 100 40 38 58 58 49 44 88 21 75 98 3 3 30 39 63 2 6 42 12 17 7 14 18 10 35 82 99 44 31 79 53 3 38 30 63 14 4 61 66 100 60 88 22 85 66 15 33 87 71 2 2 25 1 7 21 62 6 17 34 83 53 73 43 39 19 13 31 16 54 50 91 87 33 13 92 13 98 77 80 40 21 86 77 18 51 87 33 72 1 23 11 65 5 51 79 39 41 36 24 2 81 46 20 85 19 38 73 82 12 70 93 84 54 4 5 51 58 81 13 65 17 17 22 42 53 30 69 73 28 61 29 92 43 25 68 39 22 18 24 97 12 92 24 29 97 61 96 81 1 41 86 71 5 92 26 60 78 83 58 16 23 30 38 95 61 52 25 36 26 53 80 13 54 63 74 13 26 70 82 4 69 86 1 8 41 27 88 100 9 28 60 95 17 59 48 68 92 72 34 39 73 33 4 74 89 65 83 30 35 72 76 45 1 26 44 40 4 45 81 22 51 57 61 77 90 3 26 46 8 50 7 82 19 10 89 48 35 36 93 31 32 71 22 22 70 55 94 36 51 47 86 29 42 10 67 88 97 100 19 70 60 69 12 37 11 36 55 83 65 58 49 77 48 74 5 82 9 76 92 64 37 28 99 26 33 87 96 59 16 8 73 49 18 10 53 49 78 42 72 13 92 77 43 100 8 15 77 32 67 93 28 2 30 10 74 77 32 23 42 100 14 57 85 23 84 99 21 11 28 71 96 51 61 76 48 33 100 18 92 95 10 12 29 87 16 47 93 93 22 25 2 66 12 29 45 38 10 87 49 24 4 66 25 75 9 78 64 35 88 67 85 57 74 1 84 60 97 74 81 67 24 26 83 72 80 28 54 91 99 33 93 42 31 1 19 96 84 97 14 73 48 5 32 43 55 39 29 95 36 9 55 91 32 91 71 40 40 44 33 66 89 53 11 12 71 4 21 73 35 78 19 54 92 84 16 10 71 30 12 27 65 23 84 38 57 70 81 52 54 78 57 81 69 9 62 3 76 68 89 7 43 15 74 95 10 14 52 38 84 99 7 46 96 69 29 74 91 60 49 70 88 22 99 54 62 49 96 5 50 28 60 36 18 97 3 57 48
0: 1497
1: 793
2: 5 348
3: 5
4: 5 489
5: 2 3 4 6 7 8
6: 5
7: 5 9 10
8: 5
9: 7 12
10: 7
11: 14 201
12: 9
13: 14
14: 11 13 15 17
15: 14
16: 19
17: 14
18: 19
19: 16 18 20 21
20: 19 1174
21: 19
22: 25
23: 25 228
24: 25
25: 22 23 24 26 27 28 213
26: 25 29
27: 25
28: 25
29: 26 30 31 32
30: 29
31: 29 33 34 824
32: 29 35
33: 31
34: 31
35: 32 36 37
36: 35 39
37: 35
38: 1219
39: 36
40: 720
41: 225
42: 44
43: 45 46
44: 42 45
45: 43 44 48
46: 43 47 49
47: 46
48: 45 51
49: 46
50: 51
51: 48 50 52 53
52: 51 415
53: 51 56
54: 56
55: 58
56: 53 54 58
57: 58 1376
58: 55 56 57 59 60 61
59: 58
60: 58
61: 58 62 63 64
62: 61 65
63: 61
64: 61 66 67
65: 62
66: 64 68 69
67: 64
68: 66
69: 66
70: 73
71: 74
72: 74
73: 70 74
74: 71 72 73 75 76 77 521
75: 74
76: 74
77: 74 79 80
78: 1215
79: 77
80: 77
81: 84
82: 84
83: 84
84: 81 82 83 85 86 87
85: 84 88
86: 84
87: 84
88: 85 91
89: 91
90: 91
91: 88 89 90 92
92: 91 95
93: 95
94: 95
95: 92 93 94 96 97 98
96: 95
97: 95
98: 95 99 100
99: 98
100: 98 102
101: 102
102: 100 101 103 104 105 464
103: 102
104: 102 107
105: 102 1163 1277
106: 109
107: 104 109 1117
108: 109
109: 106 107 108 110 111 112
110: 109 113
111: 109
112: 109
113: 110 114 115 116
114: 113
115: 113
116: 113
117: 119
118: 121
119: 117 121
120: 123
121: 118 119 123
122: 123
123: 120 121 122 124 637 1199 1326
124: 123 125 126 127 673
125: 124 128
126: 124
127: 124
128: 125 129 130 131
129: 128
130: 128
131: 128 134
132: 134
133: 134
134: 131 132 133 137
135: 137
136: 137
137: 134 135 136 138 139 140
138: 137
139: 137
140: 137 143
141: 143
142: 143
143: 140 141 142 144
144: 143
145: 148
146: 148
147: 148
148: 145 146 147 149 150
149: 148
150: 148 153
151: 153
152: 153
153: 150 151 152 154 155 675 1099
154: 153 156 157
155: 153
156: 154 158 159
157: 154
158: 156
159: 156
160: 163
161: 164
162: 164
163: 160 177 1001
164: 161 162 165 166 167
165: 164
166: 164
167: 164 170
168: 170
169: 170
170: 167 168 169 171 172 173 528
171: 170
172: 170
173: 170 176 763
174: 177
175: 177 178
176: 173 178 826
177: 163 174 175 179 180 948
178: 175 176 181 1088
179: 177
180: 177
181: 178 184
182: 184 1066
183: 184
184: 181 182 183 185 186 187
185: 184 971
186: 184
187: 184 188 189 190 385
188: 187
189: 187 1034
190: 187 193
191: 193
192: 193
193: 190 191 192 194 195 196
194: 193
195: 193 197 198
196: 193
197: 195
198: 195 201
199: 202
200: 202
201: 11 198 202
202: 199 200 201 203 204 205
203: 202 206
204: 202 207
205: 202
206: 203
207: 204 208 209 210
208: 207
209: 207
210: 207
211: 214
212: 215
213: 25
214: 211 583
215: 212 217
216: 217
217: 215 216 218 219
218: 217
219: 217 222
220: 222
221: 222
222: 219 220 221 223 224 225 663
223: 222
224: 222
225: 41 222
226: 228
227: 228 793
228: 23 226 227 229 231
229: 228
230: 233
231: 228 233
232: 233
233: 230 231 232 234 235 236
234: 233
235: 233
236: 233
237: 239
238: 239
239: 237 238 241 242
240: 242
241: 239
242: 239 240 243 244 1154
243: 242
244: 242 246
245: 248
246: 244 248 915
247: 248
248: 245 246 247 249 250 251
249: 248
250: 248 253
251: 248
252: 253
253: 250 252 254 255 256
254: 253 257
255: 253
256: 253
257: 254 258 903
258: 257 261
259: 261 1059
260: 261 359
261: 258 259 260 262 263 264
262: 261
263: 261 265 266
264: 261
265: 263
266: 263 269
267: 269
268: 269
269: 266 267 268 270 271 272
270: 269 273
271: 269
272: 269
273: 270 276
274: 276
275: 276
276: 273 274 275 277 278 279
277: 276
278: 276
279: 276 282
280: 282
281: 282
282: 279 280 281 283 284 285
283: 282
284: 282 286 287
285: 282 288
286: 284
287: 284
288: 285 289
289: 288 292
290: 292
291: 292
292: 289 290 291 293 294 295
293: 292
294: 292
295: 292
296: 299
297: 299
298: 299 919
299: 296 297 298 300 301 302
300: 299
301: 299 304 1178
302: 299
303: 304
304: 301 303 305 306 307
305: 304
306: 304
307: 304 310
308: 310
309: 310
310: 307 308 309 311 312
311: 310
312: 310 315
313: 315
314: 315 522
315: 312 313 314 316
316: 315 319 532
317: 319
318: 319
319: 316 317 318 322
320: 322
321: 322
322: 319 320 321 323 324 325
323: 322
324: 322
325: 322 326 1293
326: 325 329
327: 329
328: 329
329: 326 327 328 330 331 1232
330: 329
331: 329 334
332: 334
333: 334
334: 331 332 333 335 336 810
335: 334
336: 334 337
337: 336
338: 940
339: 342
340: 342
341: 618
342: 339 340 343 345
343: 342
344: 345
345: 342 344 348
346: 348
347: 350
348: 2 345 346 350 1210
349: 350
350: 347 348 349 351 352 353
351: 350 1082
352: 350 354 355
353: 350
354: 352
355: 352
356: 359
357: 360 635
358: 359
359: 260 356 358 361
360: 357
361: 359
362: 365
363: 365
364: 365
365: 362 363 364 366
366: 365 369
367: 369
368: 369
369: 366 367 368 370 371 372 844
370: 369
371: 369
372: 369 373 374 375
373: 372 376
374: 372
375: 372 378
376: 373 377
377: 376
378: 375
379: 382
380: 382
381: 382
382: 379 380 381 383
383: 382 386
384: 386
385: 187 386
386: 383 384 385 387 388 389
387: 386 597
388: 386 628
389: 386 392
390: 393
391: 393
392: 389 393
393: 390 391 392 394 395 427
394: 393 396 397
395: 393
396: 394 398 399
397: 394
398: 396
399: 396
400: 403
401: 403
402: 403
403: 400 401 402 406
404: 406 1426
405: 406
406: 403 404 405 407 408 409 1285
407: 406 763
408: 406 411
409: 406 412
410: 411
411: 408 410 413 414
412: 409
413: 411
414: 411
415: 52
416: 419 657
417: 419
418: 419
419: 416 417 418 569
420: 423
421: 423
422: 423
423: 420 421 422 424 425 426 826
424: 423
425: 423 428
426: 423
427: 393
428: 425 429 430
429: 428
430: 428 433
431: 433
432: 433
433: 430 431 432 434 435 436
434: 433 437
435: 433
436: 433
437: 434 440
438: 1089
439: 440
440: 437 439 441
441: 440
442: 445 1038
443: 445
444: 445
445: 442 443 444 446 447 448
446: 445
447: 445
448: 445 449 450 451
449: 448
450: 448
451: 448 452 453
452: 451
453: 451 455 456
454: 1070
455: 453
456: 453
457: 460
458: 460
459: 460
460: 457 458 459 461 462 463
461: 460
462: 460
463: 460 466 924
464: 102
465: 466
466: 463 465 467
467: 466 470
468: 470
469: 470
470: 467 468 469 471 472 473
471: 470
472: 470 474
473: 470
474: 472
475: 478
476: 478
477: 478
478: 475 476 477 481
479: 481
480: 481
481: 478 479 480 483 484
482: 483
483: 481 482 486
484: 481
485: 486 1444
486: 483 485 487 488 489
487: 486
488: 486 491
489: 4 486 490 492
490: 489
491: 488 715
492: 489 495
493: 495
494: 495
495: 492 493 494 496 497 1033
496: 495
497: 495 500
498: 500
499: 500
500: 497 498 499 501 502 503
501: 500 504
502: 500
503: 500
504: 501 505 507 1063
505: 504
506: 507
507: 504 506 508 510
508: 507
509: 510
510: 507 509 511 512 513
511: 510 514
512: 510
513: 510
514: 511
515: 518
516: 518
517: 518
518: 515 516 517 519 521
519: 518 522
520: 521
521: 74 518 520
522: 314 519 523 524 525
523: 522
524: 522
525: 522
526: 529
527: 529
528: 170 529
529: 526 527 528 530
530: 529 533
531: 533
532: 316
533: 530 531 534 535 536
534: 533
535: 533
536: 533 539
537: 539
538: 539
539: 536 537 538 540 541 542
540: 539
541: 539
542: 539
543: 546
544: 546
545: 546
546: 543 544 545 547 548 549
547: 546 1091
548: 546
549: 546 552
550: 552
551: 552
552: 549 550 551 553 554 555
553: 552
554: 552
555: 552 556 557 558 563
556: 555
557: 555
558: 555
559: 560 561 562 625
560: 559
561: 559
562: 559
563: 555 802
564: 567
565: 567
566: 567
567: 564 565 566 568 569 570
568: 567
569: 419 567
570: 567 573
571: 573
572: 573
573: 570 571 572 574 575 576
574: 573
575: 573
576: 573
577: 580
578: 580
579: 580
580: 577 578 579 581 582 583
581: 580
582: 580
583: 214 580 586
584: 587
585: 587
586: 583 587
587: 584 585 586 588 589 590
588: 587
589: 587 592
590: 587 986
591: 592
592: 589 591 593 594 595
593: 592
594: 592 597
595: 592
596: 597
597: 387 594 596
598: 600 1412
599: 600
600: 598 599 601 602 603
601: 600
602: 600
603: 600 606
604: 606
605: 606
606: 603 604 605 607
607: 606 610
608: 610
609: 610
610: 607 608 609 611 612 613
611: 610 614
612: 610
613: 610
614: 611 615 855
615: 614 616 617 618
616: 615
617: 615
618: 341 615 621
619: 622
620: 622
621: 618
622: 619 620 625
623: 625
624: 625
625: 559 622 623 624 626 628 1443
626: 625
627: 630
628: 388 625 630
629: 630
630: 627 628 629 631 632 633
631: 630
632: 630 635
633: 630 634 636
634: 633
635: 357 632
636: 633 639
637: 123 638
638: 637
639: 636 640 641 642 980
640: 639
641: 639
642: 639 1404
643: 671
644: 645
645: 644 648
646: 649
647: 650
648: 645 650 1230
649: 646 650 1034
650: 647 648 649 651 652 653
651: 650 654
652: 650
653: 650
654: 651 655 656 657
655: 654 658
656: 654
657: 416 654
658: 655 659 660 661
659: 658
660: 658
661: 658 663 664
662: 663
663: 222 661 662 665 666
664: 661 667
665: 663
666: 663
667: 664
668: 671
669: 671
670: 671
671: 643 668 669 670 672 673
672: 671
673: 124 671 676
674: 676
675: 153 676 1384
676: 673 674 675 677 678 679
677: 676
678: 676
679: 676 680 681 682 1034
680: 679
681: 679 684
682: 679
683: 684
684: 681 683
685: 688
686: 688
687: 688 842
688: 685 686 687 689 690 1408
689: 688 692
690: 688
691: 692
692: 689 691 694 695 1263
693: 696
694: 692 696
695: 692
696: 693 694 697 698 699
697: 696
698: 696 701
699: 696
700: 703
701: 698 703
702: 705
703: 700 701 705
704: 705
705: 702 703 704 706 707 708
706: 705
707: 705 1277
708: 705 711
709: 711
710: 711
711: 708 709 710 712 713 714 928
712: 711 715
713: 711
714: 711
715: 491 712 716 718
716: 715
717: 823
718: 715
719: 722
720: 40 722
721: 722
722: 719 720 721 723 724 725
723: 722
724: 722 726 727 1064
725: 722
726: 724
727: 724
728: 730
729: 730
730: 728 729 731
731: 730 734
732: 734
733: 734
734: 731 732 733 735 736 737
735: 734 738 1428
736: 734
737: 734
738: 735 741
739: 741
740: 741
741: 738 739 740 744
742: 744
743: 744
744: 741 742 743 745 746 747
745: 744
746: 744
747: 744
748: 751 1239
749: 751 752
750: 752
751: 748 749 1235
752: 749 750 753 754 755 1004
753: 752
754: 752
755: 752 756 757 758
756: 755 759
757: 755
758: 755
759: 756
760: 763
761: 764
762: 764
763: 173 407 760 764
764: 761 762 763 765 766 767
765: 764
766: 764 768 769
767: 764
768: 766 771
769: 766
770: 771
771: 768 770 774
772: 774
773: 774
774: 771 772 773 775 776 777
775: 774
776: 774
777: 774 778 779 780
778: 777
779: 777
780: 777 781
781: 780
782: 785 814
783: 785
784: 785
785: 782 783 784 786 787 788
786: 785
787: 785 790
788: 785
789: 790
790: 787 789 791 792 793
791: 790
792: 790 795
793: 1 227 790 794 796
794: 793
795: 792 797 798
796: 793
797: 795
798: 795
799: 802
800: 802
801: 802
802: 563 799 800 801 803 805
803: 802
804: 805
805: 802 804 806 807 808
806: 805 809
807: 805
808: 805
809: 806
810: 334
811: 814 1121
812: 814
813: 816
814: 782 811 812 815 816 817
815: 814 818
816: 813 814
817: 814
818: 815 819
819: 818
820: 823
821: 823
822: 823
823: 717 820 821 822 824 825 1307
824: 31 823
825: 823
826: 176 423 827 828
827: 826
828: 826
829: 830
830: 829 833
831: 834
832: 834
833: 830 834
834: 831 832 833 835 836 837 1300
835: 834
836: 834
837: 834
838: 840
839: 840
840: 838 839 843
841: 843
842: 687 845
843: 840 841 845
844: 369 845
845: 842 843 844 847
846: 849
847: 845 849
848: 849
849: 846 847 848 850 851
850: 849
851: 849
852: 853 855
853: 852
854: 855
855: 614 852 854 856 857 858
856: 855 859
857: 855
858: 855
859: 856 860 861 862
860: 859
861: 859 864
862: 859
863: 864
864: 861 863 865 866 867
865: 864
866: 864
867: 864
868: 869
869: 868 872
870: 872 1278
871: 872
872: 869 870 871 873 874 875
873: 872 944
874: 872
875: 872 877
876: 877
877: 875 876 878
878: 877 881 962
879: 882
880: 881
881: 878 880 882 883 884 1440
882: 879 881 935
883: 881
884: 881 885 886 887
885: 884
886: 884
887: 884
888: 891
889: 891
890: 891
891: 888 889 890 892 893 894
892: 891
893: 891
894: 891 895 896 1212
895: 894 897 898
896: 894
897: 895 899
898: 895
899: 897
900: 903
901: 904
902: 904
903: 257 900 904
904: 901 902 903 905 906 907
905: 904
906: 904
907: 904 908 909 910
908: 907
909: 907 912
910: 907
911: 912
912: 909 911 913 914
913: 912
914: 912
915: 246
916: 919
917: 919
918: 919
919: 298 916 917 918 920 921 1209
920: 919
921: 919 924
922: 924 1300
923: 924 1045
924: 463 921 922 923 925 926 927
925: 924
926: 924
927: 924
928: 711
929: 932
930: 932
931: 932
932: 929 930 931 935
933: 935
934: 935
935: 882 932 933 934 936
936: 935 939
937: 939
938: 939 1139
939: 936 937 938 940 941 942
940: 338 939
941: 939
942: 939
943: 944
944: 873 943 945
945: 944
946: 948
947: 949
948: 177 946
949: 947 950 951 952 1070
950: 949
951: 949
952: 949
953: 956
954: 956
955: 956
956: 953 954 955 958 959
957: 958
958: 956 957
959: 956 962
960: 962
961: 962
962: 878 959 960 961 963 964 965
963: 962
964: 962 967
965: 962
966: 967
967: 964 966
968: 971
969: 971
970: 971 972
971: 185 968 969 970
972: 970 973 974 975 1393
973: 972 976
974: 972 1013
975: 972
976: 973
977: 978
978: 977 981
979: 981
980: 639 981
981: 978 979 980 982 983 984
982: 981
983: 981
984: 981
985: 1001
986: 590
987: 990
988: 990
989: 990
990: 987 988 989 991 992 993
991: 990
992: 990
993: 990 996 1236
994: 996
995: 996
996: 993 994 995
997: 1000
998: 1000 1001
999: 1001 1437
1000: 997 998
1001: 163 985 998 999 1002 1003
1002: 1001
1003: 1001
1004: 752 1005 1006
1005: 1004
1006: 1004
1007: 1010
1008: 1010
1009: 1010
1010: 1007 1008 1009 1013
1011: 1013 1014
1012: 1013
1013: 974 1010 1011 1012 1016
1014: 1011
1015: 1018
1016: 1013 1018
1017: 1018
1018: 1015 1016 1017 1019 1020 1021
1019: 1018 1022 1240
1020: 1018 1023
1021: 1018
1022: 1019
1023: 1020 1024 1025 1026
1024: 1023
1025: 1023
1026: 1023 1027 1028 1029
1027: 1026
1028: 1026 1031
1029: 1026
1030: 1031
1031: 1028 1030
1032: 1034
1033: 495
1034: 189 649 679 1032 1035 1036 1037
1035: 1034
1036: 1034 1039
1037: 1034
1038: 442 1039
1039: 1036 1038 1040 1041 1042
1040: 1039
1041: 1039 1412
1042: 1039
1043: 1045
1044: 1045
1045: 923 1043 1044 1048
1046: 1048
1047: 1048
1048: 1045 1046 1047 1049
1049: 1048 1052
1050: 1052
1051: 1052
1052: 1049 1050 1051 1055
1053: 1055
1054: 1055
1055: 1052 1053 1054 1056 1057 1058
1056: 1055 1059
1057: 1055
1058: 1055
1059: 259 1056 1060 1061 1062
1060: 1059 1418
1061: 1059 1064
1062: 1059
1063: 504
1064: 724 1061
1065: 1068
1066: 182 1068
1067: 1068
1068: 1065 1066 1067 1069 1070 1071
1069: 1068
1070: 454 949 1068 1072 1073
1071: 1068
1072: 1070
1073: 1070 1076
1074: 1076
1075: 1076 1078
1076: 1073 1074 1075 1077 1079
1077: 1076
1078: 1075 1080 1081
1079: 1076
1080: 1078
1081: 1078
1082: 351
1083: 1086
1084: 1086
1085: 1086
1086: 1083 1084 1085 1087 1088
1087: 1086
1088: 178 1086 1091
1089: 438 1091
1090: 1091
1091: 547 1088 1089 1090 1092 1094
1092: 1091 1095
1093: 1095 1212
1094: 1091
1095: 1092 1093 1096 1097 1098
1096: 1095
1097: 1095
1098: 1095
1099: 153 1102
1100: 1102
1101: 1102
1102: 1099 1100 1101 1103 1104 1105
1103: 1102
1104: 1102
1105: 1102 1107
1106: 1107
1107: 1105 1106
1108: 1111
1109: 1111
1110: 1111
1111: 1108 1109 1110 1112 1113
1112: 1111
1113: 1111 1116 1256
1114: 1116
1115: 1116
1116: 1113 1114 1115 1117 1118 1119
1117: 107 1116
1118: 1116 1121
1119: 1116
1120: 1123
1121: 811 1118 1122 1123 1124
1122: 1121
1123: 1120 1121 1125 1126
1124: 1121 1127
1125: 1123 1128
1126: 1123
1127: 1124
1128: 1125 1131
1129: 1131
1130: 1131
1131: 1128 1129 1130
1132: 1133
1133: 1132 1136
1134: 1136
1135: 1136
1136: 1133 1134 1135 1139
1137: 1140
1138: 1140
1139: 938 1136 1140
1140: 1137 1138 1139 1143
1141: 1143
1142: 1143
1143: 1140 1141 1142 1144 1145 1146
1144: 1143
1145: 1143 1147
1146: 1143
1147: 1145
1148: 1151
1149: 1151
1150: 1151
1151: 1148 1149 1150 1152 1153 1154
1152: 1151 1155
1153: 1151
1154: 242 1151
1155: 1152 1156 1157 1158
1156: 1155
1157: 1155 1159
1158: 1155
1159: 1157
1160: 1162
1161: 1162
1162: 1160 1161 1163 1164 1165
1163: 105 1162 1166
1164: 1162
1165: 1162
1166: 1163 1169
1167: 1396
1168: 1169
1169: 1166 1168 1170
1170: 1169
1171: 1174
1172: 1174
1173: 1174
1174: 20 1171 1172 1173 1175 1177
1175: 1174 1178
1176: 1178
1177: 1174
1178: 301 1175 1176 1179
1179: 1178 1182
1180: 1182
1181: 1182
1182: 1179 1180 1181 1185
1183: 1185
1184: 1185
1185: 1182 1183 1184 1186 1187 1188
1186: 1185 1189
1187: 1185
1188: 1185 1191
1189: 1186
1190: 1191
1191: 1188 1190 1192 1193 1194
1192: 1191 1195
1193: 1191
1194: 1191
1195: 1192 1196 1197 1198
1196: 1195
1197: 1195
1198: 1195
1199: 123
1200: 1201
1201: 1200 1204
1202: 1205
1203: 1205 1313
1204: 1201 1205
1205: 1202 1203 1204 1206 1207 1208
1206: 1205
1207: 1205
1208: 1205
1209: 919
1210: 348 1211
1211: 1210
1212: 894 1093 1215
1213: 1216
1214: 1215
1215: 78 1212 1214 1217 1218
1216: 1213 1219
1217: 1215 1219
1218: 1215
1219: 38 1216 1217 1220 1221 1222
1220: 1219
1221: 1219
1222: 1219 1223 1224
1223: 1222
1224: 1222
1225: 1228
1226: 1228
1227: 1228 1338
1228: 1225 1226 1227 1229 1230 1231
1229: 1228
1230: 648 1228 1233
1231: 1228 1356
1232: 329 1233
1233: 1230 1232 1234 1235 1236
1234: 1233
1235: 751 1233
1236: 993 1233 1237 1238
1237: 1236
1238: 1236
1239: 748 1490
1240: 1019 1242
1241: 1242
1242: 1240 1241 1245
1243: 1245 1246
1244: 1245
1245: 1242 1243 1244 1247 1248
1246: 1243 1249
1247: 1245 1250
1248: 1245
1249: 1246
1250: 1247
1251: 1254
1252: 1254
1253: 1256
1254: 1251 1252 1256
1255: 1256
1256: 1113 1253 1254 1255 1257 1258 1259
1257: 1256
1258: 1256 1261
1259: 1256
1260: 1261
1261: 1258 1260
1262: 1265
1263: 692 1265
1264: 1267
1265: 1262 1263 1266 1267
1266: 1265
1267: 1264 1265 1268 1269 1270
1268: 1267 1271
1269: 1267
1270: 1267
1271: 1268
1272: 1275
1273: 1275
1274: 1277
1275: 1272 1273 1277
1276: 1277 1279
1277: 105 707 1274 1275 1276 1280
1278: 870
1279: 1276 1281 1282
1280: 1277
1281: 1279
1282: 1279
1283: 1286
1284: 1286
1285: 406 1286
1286: 1283 1284 1285 1287
1287: 1286
1288: 1291
1289: 1292
1290: 1292
1291: 1288 1292
1292: 1289 1290 1291 1293 1295
1293: 325 1292 1296
1294: 1296
1295: 1292
1296: 1293 1294 1297 1298 1299
1297: 1296
1298: 1296
1299: 1296 1302
1300: 834 922
1301: 1302
1302: 1299 1301 1303 1304 1305
1303: 1302
1304: 1302
1305: 1302 1307
1306: 1307
1307: 823 1305 1306 1308 1309 1310
1308: 1307 1311
1309: 1307
1310: 1307
1311: 1308 1314
1312: 1314
1313: 1203 1316
1314: 1311 1312 1315 1316 1317
1315: 1314
1316: 1313 1314 1318 1319
1317: 1314
1318: 1316
1319: 1316
1320: 1323
1321: 1323
1322: 1323 1404
1323: 1320 1321 1322 1324 1325
1324: 1323
1325: 1323
1326: 123 1329
1327: 1330
1328: 1330
1329: 1326 1330
1330: 1327 1328 1329 1331 1332 1333
1331: 1330 1334
1332: 1330
1333: 1330
1334: 1331
1335: 1338
1336: 1338
1337: 1340
1338: 1227 1335 1336
1339: 1340
1340: 1337 1339 1343
1341: 1343
1342: 1343
1343: 1340 1341 1342 1344 1345 1346
1344: 1343 1347
1345: 1343
1346: 1343 1433
1347: 1344 1348 1349 1350
1348: 1347
1349: 1347
1350: 1347 1353
1351: 1353
1352: 1353
1353: 1350 1351 1352 1354 1355 1356
1354: 1353
1355: 1353
1356: 1231 1353 1359
1357: 1359
1358: 1359
1359: 1356 1357 1358 1360
1360: 1359 1363
1361: 1363
1362: 1363
1363: 1360 1361 1362 1364 1365 1366
1364: 1363 1367
1365: 1363 1455
1366: 1363
1367: 1364 1368 1369 1370
1368: 1367
1369: 1367
1370: 1367 1371 1372
1371: 1370
1372: 1370
1373: 1376
1374: 1376
1375: 1376
1376: 57 1373 1374 1375 1377 1378 1379
1377: 1376
1378: 1376
1379: 1376 1428
1380: 1383
1381: 1383
1382: 1383
1383: 1380 1381 1382 1384 1385 1386
1384: 675 1383 1387
1385: 1383 1388
1386: 1383
1387: 1384
1388: 1385 1389 1390 1391
1389: 1388
1390: 1388
1391: 1388
1392: 1395
1393: 972 1396
1394: 1396
1395: 1392 1397
1396: 1167 1393 1394 1397 1398 1399
1397: 1395 1396
1398: 1396
1399: 1396
1400: 1401
1401: 1400 1404
1402: 1404
1403: 1404
1404: 642 1322 1401 1402 1403 1405
1405: 1404
1406: 1409
1407: 1409
1408: 688
1409: 1406 1407 1412
1410: 1412
1411: 1412 1413
1412: 598 1041 1409 1410 1411 1415
1413: 1411
1414: 1415
1415: 1412 1414 1416 1417
1416: 1415
1417: 1415
1418: 1060 1421
1419: 1421
1420: 1421
1421: 1418 1419 1420
1422: 1425
1423: 1425
1424: 1425
1425: 1422 1423 1424 1426
1426: 404 1425 1428
1427: 1428
1428: 735 1379 1426 1427 1429 1431
1429: 1428
1430: 1433
1431: 1428
1432: 1433
1433: 1346 1430 1432
1434: 1437
1435: 1438
1436: 1438
1437: 999 1434
1438: 1435 1436 1439 1440 1441
1439: 1438
1440: 881 1438
1441: 1438 1442 1443
1442: 1441
1443: 625 1441
1444: 485 1445 1446 1447
1445: 1444
1446: 1444 1448 1449
1447: 1444 1450
1448: 1446
1449: 1446
1450: 1447 1451 1452
1451: 1450
1452: 1450
1453: 1456
1454: 1456
1455: 1365 1458
1456: 1453 1454 1458
1457: 1458
1458: 1455 1456 1457 1459 1460 1461
1459: 1458 1462
1460: 1458
1461: 1458
1462: 1459 1463 1464 1465
1463: 1462
1464: 1462 1467
1465: 1462
1466: 1467
1467: 1464 1466 1468 1469 1470
1468: 1467
1469: 1467
1470: 1467 1473
1471: 1473
1472: 1473
1473: 1470 1471 1472 1474 1475 1476
1474: 1473 1477
1475: 1473
1476: 1473
1477: 1474 1478 1479 1480
1478: 1477
1479: 1477
1480: 1477
1481: 1484
1482: 1484
1483: 1484
1484: 1481 1482 1483 1485 1486 1487
1485: 1484
1486: 1484
1487: 1484 1490
1488: 1490
1489: 1490
1490: 1239 1487 1488 1489 1491 1492 1493
1491: 1490
1492: 1490 1495
1493: 1490
1494: 1497
1495: 1492 1497
1496: 1497
1497: 0 1494 1495 1496 1498 1499
1498: 1497
1499: 1497