250 4

93 41 73 96 69 84 47 35 76 75 42 96 95 37 78 31 94 28 100 51 3 98 9 1 4 71 62 48 69 75 3 94 56 30 24 53 77 96 99 47 65 5 92 77 76 97 28 93 90 86 14 56 50 14 66 36 6 56 56 35 18 74 30 16 4 87 50 14 96 54 70 80 94 5 65 4 4 56 38 40 50 64 51 2 87 31 83 16 44 18 31 82 64 2 94 99 5 23 65 91 98 26 93 58 15 8 40 61 41 97 78 31 71 73 23 38 92 62 74 8 44 42 35 38 25 95 99 59 64 30 91 58 40 99 31 64 61 99 30 43 95 17 50 68 100 33 35 31 31 87 93 14 85 19 72 74 18 43 78 4 94 85 55 6 5 3 54 39 99 37 33 92 24 65 23 2 33 61 74 48 92 31 38 51 2 67 44 52 50 61 52 49 5 61 89 99 22 55 1 63 7 42 87 87 90 75 91 8 81 78 35 96 45 53 93 88 49 3 95 46 95 75 94 34 10 24 57 50 59 19 9 71 12 44 48 65 97 8 49 4 42 65 69 98 80 31 64 36 100 4
0: 249
1: 249
2: 249
3: 7 181
4: 249
5: 7
6: 165
7: 3 5 8 9
8: 7
9: 7
10: 15
11: 15
12: 17
13: 17
14: 17
15: 10 11 20 41
16: 20
17: 12 13 14 20
18: 23
19: 23
20: 15 16 17 22 23 131
21: 23
22: 20 216
23: 18 19 20 21 24 25 26 27 28
24: 23
25: 23 30
26: 23
27: 23
28: 23
29: 30
30: 25 29 31 32 33 34 35
31: 30
32: 30
33: 30 67
34: 30 36
35: 30
36: 34
37: 41 239
38: 41
39: 41
40: 41
41: 15 37 38 39 40 42 43 44 45
42: 41
43: 41
44: 41 230
45: 41 50
46: 47 50
47: 46
48: 50
49: 50
50: 45 46 48 49 116
51: 56
52: 56
53: 56 126
54: 56
55: 56
56: 51 52 53 54 55 57 58 59
57: 56
58: 56
59: 56 64
60: 64
61: 64 175
62: 64
63: 64
64: 59 60 61 62 63 65 66 69 211
65: 64
66: 64
67: 33 139
68: 73
69: 64 73
70: 75
71: 75 76
72: 75 114
73: 68 69 75
74: 75
75: 70 71 72 73 74 77 78
76: 71
77: 75
78: 75 83
79: 83 151
80: 83
81: 83
82: 87
83: 78 79 80 81 84 85 86 87 88 156
84: 83
85: 83
86: 83 207
87: 82 83
88: 83 93
89: 93
90: 93
91: 93
92: 93
93: 88 89 90 91 92 94 95 96 97 98
94: 93
95: 93
96: 93 100 101
97: 93
98: 93
99: 104
100: 96 105
101: 96
102: 105
103: 217
104: 99 105
105: 100 102 104 106 107 108 109 110
106: 105 111
107: 105
108: 105
109: 105
110: 105
111: 106
112: 114
113: 114
114: 72 112 113
115: 119
116: 50 119
117: 119
118: 119
119: 115 116 117 118 120 121 122 123 124 125
120: 119
121: 119
122: 119
123: 119
124: 119 127 128 129
125: 119
126: 53
127: 124
128: 124
129: 124 132 133 134
130: 163
131: 20
132: 129
133: 129
134: 129
135: 138
136: 141
137: 141
138: 135 141
139: 67 141
140: 141
141: 136 137 138 139 140 143 144 145
142: 230
143: 141
144: 141
145: 141
146: 207
147: 151
148: 151
149: 151
150: 151
151: 79 147 148 149 150 152 153
152: 151
153: 151 185
154: 159
155: 159
156: 83
157: 159
158: 159
159: 154 155 157 158 160
160: 159 165
161: 165
162: 165
163: 130 164
164: 163 165 217
165: 6 160 161 162 164 166 167 168 169 170
166: 165
167: 165
168: 165
169: 165
170: 165 175
171: 175
172: 175
173: 175 192
174: 175
175: 61 170 171 172 173 174 176 177 178 180
176: 175
177: 175
178: 175
179: 198
180: 175 184
181: 3 184
182: 184
183: 184
184: 180 181 182 183 186 187 188 189
185: 153
186: 184
187: 184
188: 184
189: 184
190: 232
191: 192
192: 173 191 193 197
193: 192 198
194: 198
195: 198
196: 198
197: 192
198: 179 193 194 195 196 199 200 201 202 203
199: 198
200: 198 204 205
201: 198
202: 198
203: 198
204: 200
205: 200
206: 207
207: 86 146 206 208 209 210
208: 207
209: 207
210: 207
211: 64
212: 217
213: 217
214: 217
215: 217
216: 22
217: 103 164 212 213 214 215 218 219 220 221 222 239
218: 217
219: 217 224
220: 217
221: 217
222: 217
223: 224
224: 219 223
225: 230
226: 230
227: 230
228: 230
229: 237
230: 44 142 225 226 227 228
231: 232
232: 190 231 237
233: 237
234: 239
235: 237
236: 239
237: 229 232 233 235 239
238: 239
239: 37 217 234 236 237 238 240 241 242 243 244
240: 239
241: 239
242: 239
243: 239
244: 239 249
245: 249
246: 249
247: 249
248: 249
249: 0 1 2 4 244 245 246 247 248