500 3

55 91 55 74 4 100 51 72 67 52 15 9 73 92 60 71 35 65 84 35 59 49 68 64 8 24 70 5 47 97 33 75 93 40 58 50 71 61 68 8 79 48 28 93 86 61 39 15 95 78 20 76 88 84 35 97 61 47 44 35 62 63 16 2 63 97 5 11 41 97 26 41 37 82 84 85 57 48 92 51 65 33 61 64 80 80 96 82 24 88 82 91 96 40 54 13 24 68 53 7 22 6 77 75 9 24 75 40 83 75 20 38 60 18 65 94 47 64 94 28 80 48 13 57 63 7 5 58 64 22 69 100 1 15 3 20 44 68 77 15 9 57 23 62 50 19 55 99 96 31 21 99 21 58 42 70 92 90 42 11 38 41 45 96 96 92 42 27 12 96 17 43 86 22 19 62 79 40 92 69 23 75 9 95 53 65 13 20 39 56 37 22 59 19 39 93 43 46 20 60 93 79 93 66 56 23 83 22 59 36 31 63 34 2 48 64 92 1 27 29 83 24 50 81 27 63 92 57 93 95 7 92 64 45 83 87 17 55 55 21 23 18 70 69 67 12 24 31 20 71 65 65 34 75 23 36 30 86 51 41 79 12 66 99 68 100 94 81 41 14 33 87 5 22 20 90 100 20 15 9 5 75 100 84 36 96 12 12 44 13 71 37 41 72 6 52 33 97 67 93 56 23 29 89 77 66 91 19 65 3 44 51 59 64 95 16 9 20 76 48 58 91 8 8 76 100 5 70 20 86 51 22 22 57 40 76 13 88 30 87 43 55 69 46 55 62 51 52 33 89 52 45 56 46 4 36 51 47 7 56 13 73 26 35 30 10 90 30 54 33 8 14 39 87 98 97 13 41 73 1 17 50 7 39 5 12 61 48 98 49 21 20 63 33 31 34 62 45 36 64 100 83 96 98 8 39 100 54 2 83 82 15 14 12 64 74 76 71 79 18 48 37 16 62 85 23 35 25 87 72 80 7 41 100 86 72 40 25 80 63 98 69 9 74 31 66 66 38 16 42 90 42 69 72 56 99 17 36 28 35 72 25 49 63 16 7 29 61 34 47 99 67 99 36 60 69 17 16 71 73 48 74 51 53 41 47 78 11 45 77 59 95 65 47 33 15 94 23 61 60
0: 497
1: 4
2: 4
3: 4 272
4: 1 2 3 5 6 7
5: 4
6: 4
7: 4 10
8: 11
9: 11
10: 7 11
11: 8 9 10 12 13
12: 11
13: 11 16
14: 16
15: 16
16: 13 14 15 18 19
17: 19
18: 16
19: 16 17 20 453
20: 19
21: 24
22: 24
23: 24
24: 21 22 23 27 208
25: 27 413 492
26: 27
27: 24 25 26 28 29 30 445
28: 27
29: 27
30: 27 32 33
31: 62
32: 30
33: 30 34 35
34: 33
35: 33
36: 39
37: 39 77
38: 39
39: 36 37 38 40 41 42
40: 39
41: 39
42: 39 43 44 117
43: 42
44: 42 47
45: 47
46: 47
47: 44 45 46 48 49 361
48: 47 50 221
49: 47 422
50: 48 51 52 53
51: 50 54
52: 50
53: 50
54: 51 55 56 57
55: 54
56: 54
57: 54
58: 59
59: 58 62
60: 62 326
61: 62 63
62: 31 59 60 61
63: 61 64 65 66 458
64: 63
65: 63
66: 63 67 68 229
67: 66 69 70 431
68: 66
69: 67
70: 67 72 73
71: 422
72: 70 75
73: 70
74: 322
75: 72
76: 77
77: 37 76
78: 81
79: 81
80: 81 394
81: 78 79 80 82 83 84
82: 81
83: 81
84: 81
85: 88
86: 88 422
87: 88
88: 85 86 87 89 90 91
89: 88
90: 88
91: 88
92: 95
93: 96
94: 95 99
95: 92 94 126
96: 93 99
97: 99
98: 101
99: 94 96 97 101
100: 101
101: 98 99 100 102 104 176
102: 101
103: 104
104: 101 103 105 106 107 240
105: 104
106: 104
107: 104 110 228
108: 110
109: 110
110: 107 108 109 113 452
111: 113 114
112: 113
113: 110 111 112 115 116
114: 111
115: 113
116: 113
117: 42
118: 119
119: 118 122
120: 122
121: 122
122: 119 120 121 125 461
123: 126
124: 125
125: 122 124 126 306
126: 95 123 125 127 128 129
127: 126
128: 126
129: 126
130: 132
131: 132
132: 130 131 133 134 135
133: 132 402
134: 132 136 137 266 306
135: 132
136: 134
137: 134 140
138: 140
139: 140
140: 137 138 139 141 142 143 317
141: 140
142: 140 144 145
143: 140
144: 142
145: 142 146 147 148 299
146: 145
147: 145
148: 145 150
149: 150
150: 148 149 151 153
151: 150
152: 154 155 391
153: 150
154: 152
155: 152
156: 159
157: 159
158: 159
159: 156 157 158 160 161
160: 159 162 163
161: 159 164
162: 160
163: 160
164: 161 167
165: 168
166: 168
167: 164 168
168: 165 166 167 170 171
169: 170
170: 168 169 172 173
171: 168 174
172: 170
173: 170
174: 171 175 176 177 247 331
175: 174
176: 101 174
177: 174
178: 180
179: 182
180: 178 182
181: 182
182: 179 180 181 183 184 185
183: 182 186
184: 182
185: 182
186: 183 187 188 189 480
187: 186 190
188: 186
189: 186
190: 187 193
191: 193
192: 193
193: 190 191 192 194 195 196
194: 193
195: 193 198
196: 193
197: 198
198: 195 197 199 200 201
199: 198
200: 198
201: 198
202: 205
203: 205
204: 207
205: 202 203 207
206: 207
207: 204 205 206 208 209
208: 24 207 336
209: 207
210: 211 213
211: 210
212: 213
213: 210 212 214
214: 213 217
215: 217
216: 217 371
217: 214 215 216 218 219 220 264
218: 217
219: 217
220: 217
221: 48 222 224
222: 221
223: 261
224: 221 226
225: 280
226: 224
227: 230
228: 107
229: 66
230: 227 231 232 233
231: 230
232: 230
233: 230 236
234: 236
235: 236
236: 233 234 235 237 238 239
237: 236
238: 236 241
239: 236
240: 104
241: 238 242
242: 241 245
243: 245
244: 245
245: 242 243 244 246 247 248
246: 245 249
247: 174 245
248: 245 250 251
249: 246
250: 248
251: 248 254
252: 254
253: 254
254: 251 252 253 255 256
255: 254
256: 254
257: 326
258: 261
259: 261
260: 261
261: 223 258 259 260 262 264
262: 261 263
263: 262
264: 217 261
265: 268
266: 134 269
267: 269
268: 265 269
269: 266 267 268 270
270: 269 272
271: 272
272: 3 270 271 273 274 275
273: 272
274: 272
275: 272 278
276: 279
277: 279 280
278: 275 280
279: 276 277 281
280: 225 277 278 282 283
281: 279
282: 280
283: 280 286
284: 286
285: 286 287
286: 283 284 285 288 289
287: 285 290
288: 286
289: 286 291 292
290: 287
291: 289
292: 289 294
293: 294
294: 292 293 295 296 297 346
295: 294
296: 294
297: 294
298: 301
299: 145 301
300: 301
301: 298 299 300 302 303 304
302: 301
303: 301
304: 301
305: 307
306: 125 134 476
307: 305 309
308: 309
309: 307 308 310 312
310: 309 311 412
311: 310
312: 309
313: 315
314: 316
315: 313 316
316: 314 315 317 318 319 330 351
317: 140 316 397
318: 316
319: 316 322
320: 322 323
321: 323
322: 74 319 320
323: 320 321 326
324: 326
325: 326
326: 60 257 323 324 325 327 328 329
327: 326
328: 326
329: 326 332
330: 316
331: 174
332: 329
333: 336
334: 336
335: 336
336: 208 333 334 335 337 338 339
337: 336
338: 336 340 341
339: 336
340: 338 342 343
341: 338
342: 340
343: 340 344
344: 343
345: 348
346: 294 348
347: 348
348: 345 346 347 349 350
349: 348
350: 348
351: 316 354
352: 354
353: 354
354: 351 352 353 356 357
355: 358
356: 354 358
357: 354
358: 355 356 359 360 361
359: 358
360: 358 362
361: 47 358
362: 360 365
363: 365
364: 365
365: 362 363 364 366 367
366: 365 419
367: 365 370
368: 370
369: 370
370: 367 368 369 371 372 373 454
371: 216 370 374
372: 370
373: 370 376
374: 371
375: 376
376: 373 375 379 484
377: 379
378: 379
379: 376 377 378 380 381 382
380: 379 472
381: 379 384
382: 379
383: 384
384: 381 383 385 386 387 440
385: 384 388
386: 384
387: 384
388: 385 391
389: 391
390: 391 392
391: 152 388 389 390 393 394
392: 390
393: 391
394: 80 391 395 396
395: 394 398
396: 394
397: 317
398: 395 399 400
399: 398
400: 398
401: 404
402: 133 404 427 464
403: 404
404: 401 402 403 405
405: 404 408
406: 408
407: 408
408: 405 406 407 409 410 411
409: 408
410: 408 413
411: 408
412: 310 413 414
413: 25 410 412 415 416
414: 412
415: 413
416: 413
417: 419
418: 419
419: 366 417 418
420: 422
421: 422
422: 49 71 86 420 421 423 424
423: 422 425
424: 422
425: 423 426
426: 425
427: 402
428: 431
429: 431
430: 431
431: 67 428 429 430 432 433 434
432: 431
433: 431
434: 431
435: 437
436: 437
437: 435 436 438 440
438: 437
439: 442
440: 384 437
441: 442
442: 439 441 443 444
443: 442 477
444: 442
445: 27 448
446: 448
447: 448
448: 445 446 447 449 450 451
449: 448
450: 448
451: 448
452: 110
453: 19
454: 370 456
455: 456
456: 454 455 457 459
457: 456
458: 63
459: 456
460: 461
461: 122 460
462: 465
463: 465
464: 402 465
465: 462 463 464 466 467 468
466: 465 469
467: 465
468: 465 470 471
469: 466
470: 468
471: 468
472: 380
473: 476
474: 477
475: 477
476: 306 473 477
477: 443 474 475 476 478 479 480
478: 477
479: 477
480: 186 477
481: 484
482: 484
483: 484
484: 376 481 482 483 487
485: 487
486: 487
487: 484 485 486 488 490
488: 487 489
489: 488
490: 487
491: 494
492: 25 495
493: 495
494: 491 495
495: 492 493 494 496 497 498
496: 495
497: 0 495 499
498: 495
499: 497