1500 2

10 35 71 10 7 60 60 56 35 84 90 69 93 74 11 58 29 3 38 32 81 87 25 20 9 46 73 17 87 82 13 93 18 88 90 51 55 58 19 71 65 90 91 6 59 29 58 10 61 38 3 39 28 66 39 57 33 59 64 9 11 27 67 27 10 19 79 58 88 98 23 48 39 44 8 40 89 73 2 17 44 79 100 4 63 69 29 77 48 67 78 61 36 50 37 35 89 2 98 70 63 21 93 21 39 83 39 94 87 78 19 64 81 15 34 51 73 37 100 42 50 65 5 78 61 58 63 78 43 81 99 80 94 87 99 43 4 42 56 16 30 92 84 58 51 98 5 1 2 77 41 59 16 13 74 23 75 66 11 38 11 32 55 50 70 82 3 1 21 37 72 42 54 75 25 57 46 98 13 21 74 100 1 5 75 82 17 35 45 93 4 23 31 11 51 80 38 87 66 18 44 89 16 88 13 49 72 15 76 55 55 31 65 36 28 41 97 94 54 98 14 73 82 21 80 92 20 42 11 76 52 68 61 47 63 82 48 97 28 54 41 29 33 9 16 96 81 72 16 93 15 67 57 41 54 84 100 33 62 55 54 36 18 56 15 12 70 94 67 12 47 90 17 8 82 41 82 5 66 89 99 77 22 48 29 51 15 45 14 93 96 70 53 35 90 57 28 37 56 72 33 12 44 50 9 2 9 67 17 41 18 25 37 89 100 94 7 13 44 82 98 16 17 41 26 43 32 79 24 45 53 39 6 50 37 70 46 56 70 35 48 21 12 21 22 30 60 20 10 71 94 7 88 4 87 20 1 89 57 15 7 98 47 54 41 13 20 67 26 38 30 43 61 64 99 75 14 57 97 30 97 55 64 49 16 39 66 77 82 78 57 4 76 14 27 51 80 90 75 36 18 64 46 89 51 100 31 64 26 57 35 58 35 67 22 3 3 80 43 56 77 19 42 78 53 5 28 96 16 14 93 78 4 63 53 62 52 70 88 37 56 16 28 56 23 83 4 57 35 59 79 11 38 28 62 5 1 6 65 13 63 85 51 93 49 1 34 25 44 82 23 89 100 61 14 24 85 16 45 30 80 2 24 66 12 7 80 82 51 59 39 41 23 63 63 63 93 83 32 38 77 63 89 78 97 51 23 98 25 6 30 86 84 76 39 91 62 54 37 9 7 81 61 21 9 46 58 44 16 24 89 42 91 7 77 6 18 100 40 98 100 3 59 32 33 63 9 26 78 65 32 96 4 11 64 62 98 72 2 94 24 65 67 8 97 58 76 67 78 39 34 67 72 95 10 68 6 44 94 100 78 98 96 48 4 36 37 78 17 25 36 71 35 31 52 49 75 60 38 38 25 10 52 83 24 42 42 95 9 13 47 85 40 31 29 19 10 100 74 16 34 84 12 31 19 30 46 19 10 79 24 69 100 23 33 18 84 52 34 42 30 74 43 17 35 33 13 67 22 93 67 53 41 23 55 29 77 20 83 10 11 30 46 12 65 86 49 99 11 62 48 53 57 6 12 85 93 34 34 72 8 47 9 90 33 88 54 10 8 93 5 85 88 15 38 70 39 5 29 61 82 95 85 69 32 6 33 50 79 22 44 66 78 91 54 34 97 49 81 68 6 22 26 7 13 24 70 5 77 14 15 35 20 51 84 90 30 23 9 42 73 70 79 79 47 98 54 43 37 33 72 65 25 87 59 1 56 46 28 53 90 26 33 93 78 95 95 3 62 95 88 50 96 94 3 22 73 10 48 55 82 86 57 64 65 62 100 24 94 12 9 63 21 100 31 79 80 63 65 16 20 26 54 89 88 56 75 30 6 93 67 68 36 10 65 40 83 23 99 65 41 13 94 83 76 46 33 16 10 36 76 9 99 19 78 95 41 83 92 26 87 77 63 37 5 82 62 61 3 31 97 86 40 45 67 58 81 68 87 43 54 74 51 13 8 55 35 79 75 59 73 74 93 15 52 32 3 37 21 90 93 14 58 87 97 4 90 99 74 60 55 88 76 91 35 33 49 88 38 32 2 76 46 31 58 86 59 93 16 7 95 86 18 70 71 61 55 17 84 67 35 59 33 58 19 49 57 10 92 31 21 33 15 36 59 55 20 10 11 8 59 96 80 54 73 100 1 82 59 66 97 78 72 21 60 9 22 94 37 57 49 57 95 15 75 31 88 94 28 28 50 3 45 86 39 96 42 63 82 55 74 62 90 23 84 66 26 42 49 12 22 69 13 62 51 57 26 47 12 36 56 75 43 52 71 5 88 39 1 78 45 13 93 34 46 63 61 46 55 89 94 26 73 45 80 6 73 4 66 15 82 3 88 89 14 35 71 89 18 79 38 9 13 95 29 18 36 29 86 87 5 20 51 27 71 27 60 95 17 72 87 64 94 67 59 72 23 13 22 9 4 97 66 13 10 75 56 19 71 43 34 62 51 57 20 72 3 87 62 16 17 52 51 56 24 85 35 49 41 42 66 63 54 44 6 91 42 82 44 90 30 37 64 82 40 92 41 62 1 65 48 10 29 32 28 53 17 57 20 95 10 94 72 11 60 85 80 34 3 12 32 6 51 9 60 14 50 96 9 40 80 15 59 26 10 24 78 50 94 68 40 67 76 56 37 52 80 9 99 47 68 16 7 66 56 90 26 87 27 1 37 41 93 80 41 37 4 53 54 15 53 90 65 16 56 19 89 11 37 42 23 3 69 15 87 45 6 96 11 93 24 97 27 56 20 78 89 4 8 29 68 25 37 65 11 22 13 68 59 50 70 9 99 69 34 95 59 82 55 6 89 25 1 53 18 77 59 34 93 2 5 39 68 26 84 77 20 20 55 93 92 33 37 49 7 89 97 96 43 27 79 56 86 21 4 33 30 83 51 29 8 35 75 65 44 62 54 62 66 85 20 50 32 11 28 78 13 70 46 4 7 11 66 58 21 43 76 88 61 55 74 37 50 99 26 39 2 28 42 3 33 51 16 63 14 14 43 91 5 93 91 70 60 91 9 57 100 48 17 32 50 89 32 58 26 46 54 11 43 36 16 25 17 83 18 9 67 93 63 56 50 76 47 72 79 30 36 18 34 11 81 2 87 84 11 38 35 40 47 87 19 92 62 75 35 19 24 22 47 57 53 54 16 10 80 62 98 17 46 60 96 63 60 19 69 44 11 9 33 77 29 34 46 92 66 16 5 48 95 84 33 27 64 23 55 95 58 82 80 96 88 44 6 8 11 75 37 86 19 34 97 72 95 42 41 66 4 60 14 44 72 9 80 93 59 86 17 87 53 46 49 28 92 97 24 31 95 71 33 17 6 17 9 32 90 70 69 74 42 92 83 80 24 73 88 69 99 51 63 58 80 69 49 60 92 73 81 94 24 2
0: 1499
1: 4 1499
2: 348 1499
3: 4
4: 1 3 5 6 7 489
5: 4 8
6: 4
7: 4
8: 5 10
9: 1423
10: 8
11: 14
12: 14
13: 14
14: 11 12 13 17
15: 17
16: 17
17: 14 15 16 18 20
18: 17
19: 22
20: 17 23
21: 23 24
22: 19 24
23: 20 21 228 1427
24: 21 22 25 26 27
25: 24
26: 24
27: 24 30
28: 30
29: 30
30: 27 28 29 31 32 33
31: 30
32: 30 34 35
33: 30
34: 32
35: 32 38
36: 38
37: 38
38: 35 36 37 39 957 1219
39: 38
40: 43 720
41: 43
42: 43
43: 40 41 42 44 45 46
44: 43 47 122
45: 43
46: 43
47: 44 50 950
48: 50
49: 50
50: 47 48 49 51 52 53
51: 50
52: 50 54 55 415
53: 50
54: 52
55: 52
56: 59
57: 60
58: 59
59: 56 58 60 61 62
60: 57 59 1067
61: 59 64
62: 59 1171
63: 64 1027
64: 61 63 65 66 67
65: 64 68
66: 64
67: 64 70
68: 65
69: 70
70: 67 69
71: 74
72: 74
73: 74
74: 71 72 73 75 521
75: 74 78
76: 78
77: 78
78: 75 76 77 79 80 81 1215
79: 78
80: 78 83
81: 78
82: 83
83: 80 82 84 85 86
84: 83
85: 83
86: 83 87 88
87: 86
88: 86
89: 339
90: 92
91: 92
92: 90 91 1214
93: 95
94: 97
95: 93 97
96: 97
97: 94 95 96 98 99 100
98: 97 101
99: 97
100: 97 103
101: 98 102 104 1224
102: 101
103: 100 106
104: 101 105
105: 104
106: 103
107: 110
108: 110 983
109: 110
110: 107 108 109 113
111: 113
112: 113
113: 110 111 112 114 115 116
114: 113 117
115: 113
116: 113
117: 114
118: 323
119: 122
120: 122
121: 122
122: 44 119 120 121 123 124 125
123: 122
124: 122 673
125: 122 128
126: 128
127: 215
128: 125 126 129 130 131
129: 128
130: 128
131: 128
132: 135
133: 136
134: 136
135: 132 136
136: 133 134 135 137 138 139 268
137: 136
138: 136
139: 136 140 141 142
140: 139
141: 139
142: 139
143: 146
144: 147
145: 147
146: 143 147
147: 144 145 146 148 149 150
148: 147 151
149: 147
150: 147 153
151: 148
152: 153
153: 150 152 154 155 675 1099
154: 153
155: 153 158
156: 158 1017
157: 160
158: 155 156 159 160 161 408 1350
159: 158
160: 157 158 162 163 208
161: 158
162: 160
163: 160 166
164: 166 167
165: 167
166: 163 164
167: 164 165 168 169 170 469
168: 167 171
169: 167
170: 167 528
171: 168 174
172: 174
173: 174
174: 171 172 173 997 1442
175: 178
176: 178
177: 178
178: 175 176 177 179 1088
179: 178 182
180: 182
181: 182
182: 179 180 181 183 184 185 1066
183: 182 186
184: 182
185: 182 971
186: 183
187: 190 385
188: 190
189: 1034
190: 187 188 191 192 193
191: 190
192: 190
193: 190 194 195 196
194: 193
195: 193 244
196: 193
197: 199
198: 199
199: 197 198 202
200: 202
201: 204
202: 199 200 204
203: 204
204: 201 202 203 205 206 207
205: 204
206: 204
207: 204 208 209 210
208: 160 207
209: 207
210: 207
211: 213 214
212: 214 215
213: 211
214: 211 212 216 583
215: 127 212
216: 214
217: 220
218: 220
219: 220
220: 217 218 219 221 222 223
221: 220
222: 220 663
223: 220 595
224: 226
225: 228
226: 224 228
227: 228 230
228: 23 225 226 227 229 231
229: 228
230: 227
231: 228
232: 1007
233: 234 922
234: 233
235: 238
236: 238
237: 238
238: 235 236 237 239 240
239: 238
240: 238 243
241: 243 1160
242: 243 1154
243: 240 241 242 244 245
244: 195 243 246 247
245: 243
246: 244
247: 244 250
248: 249 250
249: 248
250: 247 248 251 252 253 1206
251: 250
252: 250
253: 250
254: 257
255: 257
256: 257
257: 254 255 256 258 903
258: 257
259: 262
260: 262 359
261: 264
262: 259 260 265
263: 265
264: 261 265 297
265: 262 263 264 266 267 268
266: 265 269
267: 265
268: 136 265
269: 266 270
270: 269 273
271: 273
272: 273
273: 270 271 272 274
274: 273 277
275: 277
276: 277
277: 274 275 276 278 280 1097
278: 277
279: 282
280: 277 282
281: 282
282: 279 280 281 283
283: 282 286
284: 286
285: 288
286: 283 284 288
287: 288
288: 285 286 287 289 290 291
289: 288
290: 288
291: 288
292: 293
293: 292 296
294: 296
295: 296 1203
296: 293 294 295 298
297: 264
298: 296
299: 301
300: 301
301: 299 300 304 1178
302: 305
303: 305 794
304: 301 305
305: 302 303 304 306 307 308
306: 305 309
307: 305
308: 305 310 311 391
309: 306
310: 308 312
311: 308
312: 310
313: 316
314: 316
315: 316
316: 313 314 315 317 318 319 532
317: 316 320
318: 316 321
319: 316
320: 317
321: 318 322 323 324
322: 321 325
323: 118 321
324: 321
325: 322 328 1293
326: 328
327: 328
328: 325 326 327 329
329: 328 332
330: 332
331: 332
332: 329 330 331 333 334 335
333: 332
334: 332 336
335: 332
336: 334
337: 339
338: 341
339: 89 337 342 477
340: 342
341: 338 342
342: 339 340 341 343 344 345
343: 342
344: 342
345: 342 348
346: 348
347: 348
348: 2 345 346 347 351 1210
349: 351
350: 353
351: 348 349 353 1082
352: 353
353: 350 351 352 356
354: 356
355: 356
356: 353 354 355 357 358 359
357: 356 360 635
358: 356
359: 260 356
360: 357 361 362 815
361: 360
362: 360 365
363: 365
364: 365
365: 362 363 364 366 367 368
366: 365
367: 365
368: 365 370 371
369: 844
370: 368 372 373
371: 368
372: 370
373: 370 376
374: 376
375: 376
376: 373 374 375 377 378 379 889
377: 376
378: 376
379: 376 380 381
380: 379
381: 379 384
382: 384
383: 384
384: 381 382 383 386 387
385: 187
386: 384
387: 384
388: 391 628
389: 391
390: 391
391: 308 388 389 390 392 393 394
392: 391
393: 391 395 427
394: 391 396 397
395: 393
396: 394
397: 394 400
398: 399
399: 398 400 402
400: 397 399 401 403
401: 400
402: 399 1457
403: 400
404: 406
405: 406
406: 404 405 408 1285
407: 408
408: 158 406 407 410
409: 844
410: 408
411: 1167
412: 415
413: 415 416
414: 415
415: 52 412 413 414 417 418
416: 413 419 657
417: 415
418: 415
419: 416 569 943
420: 422
421: 1392
422: 420 425
423: 425
424: 425
425: 422 423 424 426 427 428
426: 425 429
427: 393 425
428: 425
429: 426 431 432
430: 432
431: 429 1257
432: 429 430 433 434 435
433: 432
434: 432
435: 432
436: 439
437: 439
438: 1089
439: 436 437 441
440: 441
441: 439 440 442 443
442: 441 1038
443: 441 446
444: 446
445: 446
446: 443 444 445 447 448 449
447: 446
448: 446 451
449: 446
450: 451
451: 448 450 452
452: 451 455 727
453: 456
454: 456 1070
455: 452 456
456: 453 454 455 457 458 459
457: 456 460 1144
458: 456
459: 456 461 462
460: 457
461: 459
462: 459 465
463: 465
464: 465
465: 462 463 464 466 467 468
466: 465
467: 465 470
468: 465
469: 167
470: 467
471: 474
472: 474
473: 474
474: 471 472 473 475 476 477
475: 474
476: 474
477: 339 474 478
478: 477 481
479: 481
480: 481
481: 478 479 480 483 484
482: 485
483: 481 485
484: 481
485: 482 483 486 487 488 1444
486: 485
487: 485
488: 485
489: 4 492
490: 492
491: 492 715
492: 489 490 491 493 494 495
493: 492
494: 492
495: 492 498
496: 498
497: 498
498: 495 496 497 499 500
499: 498 502
500: 498
501: 1094
502: 499
503: 506
504: 505
505: 504 506
506: 503 505 507 509
507: 506
508: 509
509: 506 508 510 511 512
510: 509 513
511: 509 514
512: 509 1264
513: 510
514: 511
515: 969
516: 519
517: 520
518: 519
519: 516 518 520 522
520: 517 519 521 523 913
521: 74 520 524
522: 519
523: 520
524: 521 525 526 527
525: 524 528
526: 524
527: 524
528: 170 525 529 530
529: 528
530: 528 533
531: 533
532: 316 535
533: 530 531 535
534: 535
535: 532 533 534 536 537 538
536: 535
537: 535
538: 535 541
539: 541
540: 541
541: 538 539 540 542 543 544
542: 541
543: 541 546
544: 541
545: 546
546: 543 545 547 548 549
547: 546
548: 546
549: 546 552
550: 552 852
551: 552
552: 549 550 551 553 554 555
553: 552
554: 552
555: 552 558 563
556: 558
557: 558
558: 555 556 557 559 560 561
559: 558
560: 558
561: 558
562: 563
563: 555 562 564 565 566 802
564: 563
565: 563 601
566: 563
567: 570
568: 570
569: 419 570
570: 567 568 569 571
571: 570 574
572: 574
573: 576
574: 571 572 576
575: 576
576: 573 574 575 577 578 579
577: 576 580
578: 576
579: 576
580: 577
581: 584
582: 584
583: 214 584
584: 581 582 583 585 586 587
585: 584 588
586: 584
587: 584
588: 585 589 590 591
589: 588 592
590: 588 593 986
591: 588
592: 589
593: 590 594 596
594: 593
595: 223
596: 593
597: 598
598: 597 601
599: 601
600: 601
601: 565 598 599 600 602 603 604
602: 601
603: 601
604: 601 605
605: 604 608
606: 608
607: 608
608: 605 606 607 609 610 611
609: 608 612
610: 608
611: 608
612: 609
613: 616
614: 616 855
615: 616
616: 613 614 615 617 618 619
617: 616
618: 616
619: 616 622
620: 622
621: 622
622: 619 620 621 624 625 1141
623: 624
624: 622 623
625: 622 628
626: 628
627: 628
628: 388 625 626 627 629 630 631
629: 628
630: 628 633
631: 628
632: 635
633: 630
634: 635
635: 357 632 634 636 637 638
636: 635
637: 635
638: 635
639: 640
640: 639 643
641: 643
642: 643
643: 640 641 642 646
644: 646
645: 646
646: 643 644 645 647 648 649
647: 646
648: 646 650 651
649: 646 1034
650: 648 653
651: 648
652: 653
653: 650 652
654: 657
655: 657 989
656: 659
657: 416 654 655 659
658: 659
659: 656 657 658 660 661 662
660: 659
661: 659 663
662: 659
663: 222 661 664
664: 663
665: 668
666: 668
667: 668
668: 665 666 667 669 670
669: 668 1058
670: 668 673
671: 673 674
672: 673
673: 124 670 671 672 676
674: 671 675 1401
675: 153 674
676: 673
677: 680
678: 680
679: 680 1034
680: 677 678 679 681 682 683
681: 680
682: 680 684 685 1029
683: 680
684: 682
685: 682 688
686: 688
687: 690 842
688: 685 686 690 1408
689: 690
690: 687 688 689 691 692 693
691: 690
692: 690
693: 690 694
694: 693 697
695: 697
696: 697
697: 694 695 696 698 699 700
698: 697 701 856
699: 697
700: 697
701: 698 704
702: 705
703: 705
704: 701 705
705: 702 703 704 706 707 708
706: 705 709
707: 705
708: 705
709: 706 710 711 712
710: 709
711: 709
712: 709
713: 715
714: 715
715: 491 713 714 716
716: 715
717: 720
718: 720
719: 720
720: 40 717 718 719 722 723
721: 723 1466
722: 720
723: 720 721 725
724: 727 1064
725: 723 727
726: 727
727: 452 724 725 726 728 729
728: 727
729: 727 730 731 732
730: 729 733
731: 729
732: 729 734
733: 730
734: 732
735: 738 1218
736: 737 784
737: 736 738
738: 735 737 739 740 741
739: 738 742
740: 738
741: 738
742: 739
743: 744
744: 743 747
745: 747
746: 749
747: 744 745 749
748: 749 1239
749: 746 747 748 751 752
750: 752
751: 749
752: 749 750 755 1004
753: 755
754: 755
755: 752 753 754 756 757 758
756: 755
757: 755
758: 755 761
759: 761
760: 761
761: 758 759 760 762 763 764
762: 761
763: 761
764: 761 767
765: 767
766: 767
767: 764 765 766 768 769 770
768: 767 771
769: 767
770: 767
771: 768 774
772: 774
773: 774
774: 771 772 773 775 776 777
775: 774
776: 774
777: 774 778 779 780
778: 777 781
779: 777 782
780: 777
781: 778
782: 779 783
783: 782
784: 736
785: 787
786: 789
787: 785 790
788: 790
789: 786 790
790: 787 788 789 791 792 793
791: 790
792: 790 794 795
793: 790
794: 303 792
795: 792
796: 799
797: 799
798: 799
799: 796 797 798 800 801 802
800: 799 803
801: 799 804
802: 563 799
803: 800
804: 801
805: 808
806: 808
807: 808
808: 805 806 807 809 810 811
809: 808
810: 808 813
811: 808 1121
812: 813
813: 810 812 815 816
814: 817
815: 360 813 817
816: 813
817: 814 815
818: 821
819: 821
820: 821
821: 818 819 820 822 823 824
822: 821
823: 821
824: 821 827
825: 828
826: 828
827: 824 828
828: 825 826 827 831 1374
829: 831
830: 831
831: 828 829 830 832 833 834
832: 831
833: 831 835 836
834: 831 1300
835: 833
836: 833 839
837: 839 1104
838: 839
839: 836 837 838 840
840: 839
841: 844
842: 687 844
843: 844
844: 369 409 841 842 843 845 846
845: 844 848
846: 844
847: 848
848: 845 847 849 850 851
849: 848
850: 848
851: 848
852: 550 853 854
853: 852
854: 852
855: 614
856: 698 859
857: 859
858: 859
859: 856 857 858
860: 863 1403
861: 864
862: 864 1487
863: 860 864
864: 861 862 863 865 866 867
865: 864
866: 864 868 869
867: 864
868: 866
869: 866
870: 873
871: 873
872: 873
873: 870 871 872 876 944
874: 876
875: 876
876: 873 874 875 877 878 879
877: 876
878: 876 881 962
879: 876
880: 881
881: 878 880 882 1440
882: 881 885
883: 885
884: 885
885: 882 883 884 886 887 888
886: 885
887: 885 890
888: 885
889: 376
890: 887
891: 894
892: 895 1369
893: 895
894: 891 1212
895: 892 893 896
896: 895
897: 900
898: 900
899: 900
900: 897 898 899 901 902 903
901: 900
902: 900
903: 257 900 904 905
904: 903
905: 903 908
906: 909
907: 909
908: 905 909
909: 906 907 908 910 911 912
910: 909
911: 909
912: 909 913 914
913: 520 912
914: 912 917
915: 917
916: 917
917: 914 915 916 918 919 920
918: 917
919: 917
920: 917
921: 924
922: 233 1300
923: 1045
924: 921 927
925: 927
926: 927
927: 924 925 926 928 929 930
928: 927
929: 927 932
930: 927
931: 932
932: 929 931 933 934
933: 932
934: 932 937
935: 938
936: 939
937: 934 939
938: 935 939 1139
939: 936 937 938 940 941 942
940: 939
941: 939
942: 939
943: 419 946
944: 873
945: 946
946: 943 945 947 948
947: 946
948: 946
949: 1070
950: 47
951: 953
952: 955
953: 951 955
954: 955
955: 952 953 954 956 957 958
956: 955 959
957: 38 955
958: 955
959: 956
960: 963
961: 963
962: 878 963
963: 960 961 962 964 965 966
964: 963
965: 963
966: 963
967: 968
968: 967 971
969: 515 971
970: 971
971: 185 968 969 970 973 974
972: 1393
973: 971
974: 971 975 976 977
975: 974
976: 974 978 979
977: 974
978: 976
979: 976
980: 983
981: 983
982: 983
983: 108 980 981 982 985 986
984: 986
985: 983
986: 590 983 984 989
987: 989
988: 989
989: 655 986 987 988 990 991 992
990: 989
991: 989
992: 989 993 994 995
993: 992
994: 992
995: 992 998
996: 998 999
997: 174
998: 995 996 1000 1001
999: 996
1000: 998
1001: 998
1002: 1005
1003: 1005
1004: 752 1005
1005: 1002 1003 1004 1008
1006: 1008
1007: 232 1008
1008: 1005 1006 1007 1009 1010 1011
1009: 1008
1010: 1008
1011: 1008 1012 1013 1014
1012: 1011
1013: 1011 1016
1014: 1011
1015: 1017
1016: 1013
1017: 156 1015
1018: 1021
1019: 1021
1020: 1021
1021: 1018 1019 1020 1022
1022: 1021 1025
1023: 1025
1024: 1027
1025: 1022 1023 1027
1026: 1027
1027: 63 1024 1025 1026 1029
1028: 1031
1029: 682 1027 1031
1030: 1031
1031: 1028 1029 1030 1032 1033
1032: 1031
1033: 1031
1034: 189 649 679 1035 1036 1037
1035: 1034
1036: 1034
1037: 1034
1038: 442 1041
1039: 1041
1040: 1041
1041: 1038 1039 1040 1042 1043 1044 1412
1042: 1041
1043: 1041 1045
1044: 1041
1045: 923 1043 1046 1047
1046: 1045
1047: 1045 1050
1048: 1050
1049: 1050
1050: 1047 1048 1049 1051 1052 1053
1051: 1050 1054
1052: 1050
1053: 1050
1054: 1051
1055: 1057 1058
1056: 1058
1057: 1055
1058: 669 1055 1056 1059 1060 1061
1059: 1058
1060: 1058
1061: 1058
1062: 1064
1063: 1064
1064: 724 1062 1063
1065: 1067
1066: 182 1069
1067: 60 1065 1069 1070
1068: 1070
1069: 1066 1067
1070: 454 949 1067 1068 1071 1072 1073
1071: 1070 1074
1072: 1070
1073: 1070
1074: 1071 1075 1076 1077
1075: 1074
1076: 1074
1077: 1074 1078 1079 1080
1078: 1077
1079: 1077
1080: 1077
1081: 1084
1082: 351
1083: 1086
1084: 1081 1086
1085: 1086
1086: 1083 1084 1085 1087 1088 1089
1087: 1086
1088: 178 1086
1089: 438 1086 1090 1091 1092
1090: 1089 1093
1091: 1089 1094
1092: 1089
1093: 1090
1094: 501 1091 1095 1096
1095: 1094
1096: 1094 1098
1097: 277
1098: 1096 1100
1099: 153
1100: 1098
1101: 1104
1102: 1104
1103: 1104
1104: 837 1101 1102 1103 1105 1106
1105: 1104
1106: 1104
1107: 1110
1108: 1110
1109: 1110
1110: 1107 1108 1109 1111 1112 1113
1111: 1110 1114
1112: 1110
1113: 1110 1256
1114: 1111
1115: 1118
1116: 1118
1117: 1118
1118: 1115 1116 1117 1119 1120 1121
1119: 1118
1120: 1118
1121: 811 1118 1122 1123 1124
1122: 1121
1123: 1121 1126 1264
1124: 1121
1125: 1126
1126: 1123 1125
1127: 1130
1128: 1130 1463
1129: 1130
1130: 1127 1128 1129 1131 1132 1133
1131: 1130
1132: 1130
1133: 1130 1134 1135
1134: 1133
1135: 1133 1138
1136: 1138
1137: 1138
1138: 1135 1136 1137 1139 1140 1141
1139: 938 1138
1140: 1138
1141: 622 1138 1142 1143 1144
1142: 1141
1143: 1141 1145 1146
1144: 457 1141
1145: 1143 1148
1146: 1143
1147: 1148
1148: 1145 1147 1149 1151
1149: 1148
1150: 1151
1151: 1148 1150 1154
1152: 1154
1153: 1154
1154: 242 1151 1152 1153 1155 1156 1157
1155: 1154 1158
1156: 1154
1157: 1154
1158: 1155
1159: 1160
1160: 241 1159
1161: 1164
1162: 1164
1163: 1164
1164: 1161 1162 1163 1167
1165: 1167
1166: 1167
1167: 411 1164 1165 1166 1168 1169 1396
1168: 1167
1169: 1167 1172
1170: 1172
1171: 62 1172
1172: 1169 1170 1171 1173 1174 1175
1173: 1172
1174: 1172
1175: 1172
1176: 1179
1177: 1179
1178: 301 1179
1179: 1176 1177 1178 1180 1181 1182
1180: 1179
1181: 1179
1182: 1179
1183: 1186
1184: 1186
1185: 1186
1186: 1183 1184 1185 1187 1188 1189
1187: 1186
1188: 1186
1189: 1186 1190 1191 1192
1190: 1189 1193
1191: 1189
1192: 1189
1193: 1190 1194
1194: 1193 1197
1195: 1197
1196: 1197
1197: 1194 1195 1196 1198
1198: 1197 1201
1199: 1201
1200: 1201
1201: 1198 1199 1200 1202 1203 1204
1202: 1201
1203: 295 1201 1206 1313
1204: 1201 1280
1205: 1206
1206: 250 1203 1205 1207 1208 1209
1207: 1206
1208: 1206 1210 1211
1209: 1206
1210: 348 1208 1212
1211: 1208
1212: 894 1210
1213: 1214
1214: 92 1213 1217 1375
1215: 78 1217 1218
1216: 1217
1217: 1214 1215 1216 1219 1220
1218: 735 1215 1221
1219: 38 1217
1220: 1217
1221: 1218 1224
1222: 1224
1223: 1224 1226
1224: 101 1221 1222 1223 1225 1227
1225: 1224
1226: 1223 1228 1229
1227: 1224 1338
1228: 1226 1231
1229: 1226
1230: 1231
1231: 1228 1230 1232 1233 1234 1356
1232: 1231
1233: 1231
1234: 1231 1235
1235: 1234
1236: 1238
1237: 1239
1238: 1236 1239
1239: 748 1237 1238 1241 1490
1240: 1242
1241: 1239 1242
1242: 1240 1241 1243 1244 1245
1243: 1242
1244: 1242 1246
1245: 1242
1246: 1244 1249
1247: 1249
1248: 1249
1249: 1246 1247 1248 1250 1251 1252
1250: 1249 1253
1251: 1249
1252: 1249
1253: 1250 1256
1254: 1256
1255: 1256 1257
1256: 1113 1253 1254 1255 1258 1259
1257: 431 1255 1260
1258: 1256
1259: 1256
1260: 1257
1261: 1264
1262: 1263 1264
1263: 1262
1264: 512 1123 1261 1262 1265 1266 1267
1265: 1264
1266: 1264 1269
1267: 1264
1268: 1269
1269: 1266 1268
1270: 1273
1271: 1274
1272: 1274
1273: 1270 1274
1274: 1271 1272 1273 1275 1276 1277
1275: 1274
1276: 1274
1277: 1274 1280
1278: 1280
1279: 1280 1281
1280: 1204 1277 1278 1279 1282 1283
1281: 1279 1284
1282: 1280
1283: 1280
1284: 1281 1286
1285: 406
1286: 1284
1287: 1290
1288: 1290
1289: 1290
1290: 1287 1288 1289 1291 1293
1291: 1290
1292: 1293
1293: 325 1290 1292 1294 1295 1296
1294: 1293
1295: 1293
1296: 1293 1299
1297: 1299
1298: 1299
1299: 1296 1297 1298 1300 1301 1302
1300: 834 922 1299 1303
1301: 1299 1304
1302: 1299
1303: 1300
1304: 1301 1305 1306
1305: 1304 1307
1306: 1304
1307: 1305
1308: 1311
1309: 1311
1310: 1311
1311: 1308 1309 1310 1314
1312: 1314
1313: 1203 1316
1314: 1311 1312 1316
1315: 1316
1316: 1313 1314 1315 1317 1318 1319
1317: 1316
1318: 1316
1319: 1316 1320 1321 1322
1320: 1319
1321: 1319 1324
1322: 1319 1325 1404
1323: 1324
1324: 1321 1323
1325: 1322 1328
1326: 1328
1327: 1328
1328: 1325 1326 1327 1329 1330 1331
1329: 1328
1330: 1328
1331: 1328 1334
1332: 1334
1333: 1334
1334: 1331 1332 1333 1335 1336 1337
1335: 1334
1336: 1334
1337: 1334
1338: 1227 1339 1341
1339: 1338 1340
1340: 1339
1341: 1338
1342: 1344
1343: 1344
1344: 1342 1343 1347
1345: 1347
1346: 1347 1433
1347: 1344 1345 1346 1348 1349 1350 1351
1348: 1347
1349: 1347
1350: 158 1347
1351: 1347
1352: 1355
1353: 1355
1354: 1355
1355: 1352 1353 1354 1356 1357 1358
1356: 1231 1355
1357: 1355
1358: 1355
1359: 1362
1360: 1415
1361: 1362
1362: 1359 1361 1365
1363: 1365
1364: 1367
1365: 1362 1363 1367
1366: 1367
1367: 1364 1365 1366 1369
1368: 1371
1369: 892 1367 1371
1370: 1371
1371: 1368 1369 1370 1372 1374
1372: 1371
1373: 1374
1374: 828 1371 1373 1376
1375: 1214
1376: 1374
1377: 1380
1378: 1380
1379: 1380
1380: 1377 1378 1379 1381 1382 1383
1381: 1380
1382: 1380 1385
1383: 1380
1384: 1385
1385: 1382 1384 1386 1387 1388
1386: 1385
1387: 1385 1389
1388: 1385
1389: 1387 1392
1390: 1393
1391: 1393
1392: 421 1389 1393
1393: 972 1390 1391 1392 1394 1395 1396
1394: 1393 1397
1395: 1393
1396: 1167 1393
1397: 1394 1398 1399 1400
1398: 1397
1399: 1397
1400: 1397
1401: 674
1402: 1405
1403: 860 1406
1404: 1322
1405: 1402 1407
1406: 1403 1407
1407: 1405 1406 1408 1409 1410
1408: 688 1407
1409: 1407
1410: 1407 1411
1411: 1410
1412: 1041 1415
1413: 1416
1414: 1416
1415: 1360 1412 1416
1416: 1413 1414 1415 1417 1418 1419
1417: 1416
1418: 1416 1421
1419: 1416
1420: 1423
1421: 1418 1422 1423
1422: 1421
1423: 9 1420 1421 1424 1425 1426
1424: 1423
1425: 1423
1426: 1423
1427: 23
1428: 1431
1429: 1432
1430: 1432
1431: 1428 1432
1432: 1429 1430 1431 1433 1434 1435
1433: 1346 1432 1436
1434: 1432 1437
1435: 1432 1438
1436: 1433
1437: 1434
1438: 1435 1439 1440 1441
1439: 1438
1440: 881 1438
1441: 1438
1442: 174
1443: 1446
1444: 485 1446
1445: 1446
1446: 1443 1444 1445 1447 1448 1449
1447: 1446
1448: 1446 1451
1449: 1446
1450: 1451
1451: 1448 1450 1452 1453 1454
1452: 1451
1453: 1451 1456
1454: 1451
1455: 1456
1456: 1453 1455 1458 1459
1457: 402
1458: 1456
1459: 1456
1460: 1471
1461: 1464
1462: 1464
1463: 1128 1464
1464: 1461 1462 1463 1465
1465: 1464
1466: 721 1469
1467: 1470
1468: 1470
1469: 1466 1470
1470: 1467 1468 1469 1471 1472 1473
1471: 1460 1470
1472: 1470 1474 1475
1473: 1470 1476
1474: 1472
1475: 1472 1478
1476: 1473
1477: 1478
1478: 1475 1477 1479
1479: 1478 1482
1480: 1482
1481: 1482
1482: 1479 1480 1481 1483 1484 1485
1483: 1482
1484: 1482
1485: 1482
1486: 1488
1487: 862 1488
1488: 1486 1487
1489: 1492
1490: 1239 1492
1491: 1492
1492: 1489 1490 1491 1493 1494
1493: 1492
1494: 1492
1495: 1498
1496: 1499
1497: 1499
1498: 1495 1499
1499: 0 1 2 1496 1497 1498