1500 3

11 27 87 32 18 25 23 89 1 82 44 58 100 19 62 58 85 66 42 49 82 27 14 100 51 29 19 77 18 88 13 30 18 79 74 18 45 60 75 67 16 63 70 4 60 51 6 46 57 13 71 2 38 77 40 79 87 68 1 24 85 81 35 19 21 66 99 25 4 50 73 5 2 82 73 71 24 9 50 47 95 54 92 69 26 29 99 8 83 68 33 89 96 60 40 38 74 97 98 43 61 6 50 36 1 18 55 94 12 93 7 13 18 15 45 22 30 35 50 59 7 39 31 67 14 19 66 48 28 81 46 77 17 2 38 11 92 81 57 91 14 91 38 15 5 99 18 45 51 25 41 21 69 68 46 8 68 31 91 45 11 53 76 40 16 68 54 76 12 19 77 31 8 95 27 50 60 4 11 72 63 81 2 81 97 28 77 36 63 15 33 52 82 91 68 41 53 35 84 16 67 80 47 18 53 23 51 46 73 57 99 65 36 67 7 84 54 74 31 23 99 69 18 47 63 90 75 90 27 4 2 1 87 33 100 95 51 25 51 37 36 46 14 52 65 23 97 94 53 93 2 22 82 56 35 70 17 2 45 33 32 61 2 45 41 38 26 65 74 84 40 64 66 16 74 10 33 49 71 1 40 34 85 27 15 36 69 6 82 1 77 8 46 93 78 53 75 61 8 49 99 28 1 7 12 22 47 67 59 68 46 78 73 41 87 28 32 73 83 41 74 47 53 61 57 36 52 16 9 44 21 32 86 79 45 25 93 87 19 20 21 4 85 39 90 71 29 71 23 52 2 99 12 73 74 28 8 35 83 23 30 69 42 63 55 44 93 73 41 24 92 95 80 38 70 89 37 97 6 8 74 72 92 16 80 47 72 58 5 77 7 31 39 20 64 78 91 79 3 66 80 100 16 68 72 81 100 89 64 39 24 10 20 51 51 40 75 92 90 35 40 28 81 21 93 11 9 12 61 36 17 34 9 79 36 8 66 87 64 52 42 74 58 51 75 27 25 41 66 28 49 33 7 97 11 60 58 6 21 27 86 42 27 32 78 45 61 23 42 69 59 44 68 8 75 91 80 93 69 71 98 49 60 90 5 43 87 70 1 23 23 70 53 4 53 76 19 87 66 83 28 39 77 55 97 61 41 10 21 60 12 39 63 59 64 13 8 89 85 13 85 67 67 2 31 76 75 89 12 59 81 12 2 36 99 63 59 19 86 22 43 73 44 82 82 6 91 88 27 64 11 43 71 90 29 57 33 34 51 21 12 64 53 28 50 62 46 45 91 73 41 83 20 44 92 87 95 17 30 75 66 39 94 36 61 22 98 64 42 30 42 13 90 75 92 74 69 68 14 75 37 96 83 91 80 65 60 57 34 17 88 3 1 14 12 94 8 2 34 51 86 61 56 64 78 91 33 59 100 11 7 94 60 86 47 69 81 69 95 7 53 55 43 17 49 12 15 5 2 87 92 70 84 32 54 13 83 59 93 92 99 66 30 31 94 56 61 97 6 48 37 70 12 29 48 1 70 13 100 60 72 79 13 63 55 96 14 36 83 4 59 1 92 17 21 61 25 9 21 80 71 18 55 13 26 50 15 24 88 30 47 8 41 89 25 47 2 50 86 10 4 87 29 91 100 26 20 17 92 63 56 58 97 80 65 79 88 70 78 89 29 88 75 78 2 48 1 97 8 67 44 45 80 12 13 89 4 62 46 3 35 54 58 64 48 73 48 30 28 95 22 27 31 45 24 2 47 91 77 23 96 86 85 96 22 62 67 3 79 33 52 96 82 5 11 97 26 45 23 12 57 99 41 60 7 1 73 25 77 13 62 81 68 23 24 16 7 2 31 52 61 67 47 23 71 97 24 38 68 75 19 16 35 36 100 67 7 95 45 75 71 45 75 50 20 5 19 30 32 15 2 9 53 47 50 72 53 10 23 32 94 7 96 50 13 84 10 6 97 23 69 65 71 99 65 5 86 69 69 4 51 71 82 91 86 43 19 57 81 22 52 96 5 8 99 32 89 67 81 4 24 70 64 66 19 47 80 84 37 9 53 66 62 6 81 42 86 15 13 10 19 49 15 39 59 86 94 96 16 42 15 15 21 38 46 30 39 89 38 74 11 55 60 21 60 51 58 68 25 18 27 61 86 65 73 16 97 100 7 64 20 22 29 13 48 36 82 98 56 19 98 35 4 7 77 98 30 95 89 31 52 23 7 91 24 46 28 27 76 31 17 15 95 34 23 68 90 3 37 83 46 93 82 83 10 67 22 45 91 23 10 63 96 64 26 15 88 41 67 73 26 33 85 82 39 38 83 32 77 1 79 62 29 20 4 50 24 89 87 64 28 68 93 83 52 1 66 93 82 73 35 20 27 41 42 93 20 29 67 68 79 7 20 27 8 54 81 68 96 30 66 29 98 79 22 43 68 19 53 1 67 41 89 41 79 48 84 100 52 1 78 48 31 62 69 61 89 16 94 68 66 38 2 2 70 17 23 74 64 91 73 42 8 1 16 17 55 84 64 23 82 56 96 35 1 15 76 61 81 19 43 90 99 30 81 48 16 94 85 49 75 13 81 22 31 11 46 8 86 96 28 95 65 92 68 12 20 54 78 55 98 54 84 50 54 18 59 10 4 90 69 7 100 34 76 74 33 68 14 56 41 13 76 24 77 17 69 61 58 63 94 38 3 77 84 51 60 47 67 7 35 90 5 84 18 98 31 95 68 44 8 26 37 27 81 76 7 15 76 85 15 91 72 24 61 14 34 11 68 40 25 9 79 100 55 86 17 45 50 81 22 18 93 98 20 14 100 65 45 5 25 97 39 100 25 28 29 98 60 38 88 87 66 87 80 35 47 89 53 72 28 47 37 62 28 2 90 37 98 92 3 87 99 92 37 97 54 89 26 2 26 99 95 64 92 20 83 99 4 16 46 77 42 81 57 37 51 90 14 15 17 99 68 66 35 15 93 30 62 52 94 87 54 90 69 80 47 70 23 20 36 3 79 13 75 49 88 5 84 64 76 100 24 73 13 57 87 11 71 19 46 40 77 79 28 87 5 77 37 67 6 90 28 93 62 41 91 64 45 21 100 81 30 99 16 50 25 25 85 30 9 64 24 19 20 59 100 23 18 23 43 51 93 82 75 66 47 68 45 28 26 9 11 24 68 49 79 43 68 35 68 9 38 31 75 26 72 3 12 9 33 10 84 88 96 80 91 33 97 21 83 9 87 54 94 55 1 17 78 1 85 77 54 22 94 27 93 17 16 92 67 97 95 10 37 1 35 68 74 39 39 100 64 38 21 18 87 31 56 6 72 30 22 41 60 54 72 74 57 59 32 1 50 97 75 93 11 29 79 59 36 50 90 76 12 67 14 21 16 8
0: 3 1499
1: 4 793 1499
2: 1499
3: 0
4: 1 5 489
5: 4 8
6: 8
7: 8
8: 5 6 7 9 10 11
9: 8
10: 8 13
11: 8
12: 13
13: 10 12 14 15 16
14: 13
15: 13
16: 13
17: 18
18: 17 21
19: 22
20: 22
21: 18 22
22: 19 20 21 23 24 25
23: 22
24: 22
25: 22 28 213
26: 28 986
27: 30
28: 25 26 30
29: 30
30: 27 28 29 31 32 33
31: 30
32: 30 34 35
33: 30 612
34: 32
35: 32 36 38
36: 35
37: 40
38: 35
39: 40
40: 37 39 43 720
41: 43
42: 43 1227
43: 40 41 42 44 45 46
44: 43
45: 43
46: 43 47 48
47: 46
48: 46 51
49: 51
50: 51
51: 48 49 50 52 53 54
52: 51
53: 51
54: 51
55: 58
56: 58
57: 58
58: 55 56 57 59 60 61
59: 58
60: 58 63
61: 58
62: 63 1171
63: 60 62 64 65
64: 63
65: 63 68
66: 68
67: 68
68: 65 66 67 69
69: 68 72
70: 72
71: 72
72: 69 70 71 73 74 75
73: 72
74: 72 77
75: 72
76: 77
77: 74 76 78 79 80
78: 77
79: 77
80: 77
81: 84
82: 84
83: 84
84: 81 82 83 87
85: 87
86: 87
87: 84 85 86 88 89 90
88: 87
89: 87 339
90: 87 91 92 93
91: 90
92: 90 95
93: 90
94: 95
95: 92 94 96 97
96: 95
97: 95
98: 101
99: 101
100: 101
101: 98 99 100 104 1224
102: 104
103: 104
104: 101 102 103 105 106 107
105: 104 1163
106: 104
107: 104 110
108: 110 983
109: 110
110: 107 108 109 111 112 113
111: 110 114
112: 110
113: 110 115 116
114: 111
115: 113
116: 113
117: 120
118: 120
119: 120
120: 117 118 119 121 122 123
121: 120 124
122: 120
123: 120 1199
124: 121 125 126 127 673
125: 124 128
126: 124
127: 124
128: 125
129: 132
130: 133
131: 133
132: 129 135 427
133: 130 131 134 135 136
134: 133
135: 132 133 137 138
136: 133
137: 135 140
138: 135
139: 140
140: 137 139 141
141: 140 144
142: 144
143: 144
144: 141 142 143 145 146 147
145: 144
146: 144 148 149
147: 144
148: 146 151
149: 146
150: 151
151: 148 150
152: 155
153: 155 675
154: 155
155: 152 153 154 156 157 158
156: 155
157: 155 160
158: 155
159: 160
160: 157 159 161 162 163 208
161: 160 164
162: 160
163: 160 177
164: 161
165: 168
166: 168
167: 168
168: 165 166 167 169
169: 168 172
170: 172 528
171: 172
172: 169 170 171 174 1253
173: 174
174: 172 173 177 997 1298
175: 177
176: 178
177: 163 174 175 178 179 948
178: 176 177 1088
179: 177 182
180: 182
181: 182
182: 179 180 181 183 184 185 1066
183: 182
184: 182
185: 182
186: 189
187: 189 190
188: 189
189: 186 187 188 191 192 1034
190: 187 193
191: 189
192: 189
193: 190
194: 197
195: 197
196: 199
197: 194 195 199 341
198: 199
199: 196 197 198 200 201 202 362
200: 199 203
201: 199
202: 199
203: 200 204 205 206
204: 203
205: 203 207
206: 203
207: 205
208: 160
209: 212
210: 327
211: 214
212: 209 214
213: 25
214: 211 212 216 583 1270
215: 218
216: 214 219
217: 219
218: 215 219
219: 216 217 218 222
220: 222
221: 222
222: 219 220 221 223 224 225 663
223: 222
224: 222
225: 222
226: 229
227: 230 793
228: 231
229: 226 231
230: 227 231
231: 228 229 230 232 233 234
232: 231
233: 231
234: 231
235: 237
236: 1436
237: 235 238 398
238: 237
239: 242
240: 241 242
241: 240 1160
242: 239 240 243 244 1154
243: 242 245
244: 242
245: 243 246 247
246: 245
247: 245 250
248: 250
249: 251
250: 247 248 251 252 253 1206
251: 249 250
252: 250
253: 250 256
254: 257
255: 257
256: 253 257
257: 254 255 256 258 259 903
258: 257
259: 257 262
260: 262
261: 262
262: 259 260 261 263 264 265
263: 262 266
264: 262
265: 262
266: 263 267 268 269
267: 266
268: 266
269: 266
270: 273
271: 273
272: 275
273: 270 271 275
274: 275
275: 272 273 274 276 277
276: 275 279
277: 275 1097
278: 279
279: 276 278 280 281 282
280: 279
281: 279 284
282: 279
283: 284
284: 281 283 287
285: 287
286: 289
287: 284 285 289
288: 289
289: 286 287 288 290 291 292
290: 289
291: 289 293 294
292: 289 295
293: 291
294: 291
295: 292
296: 298
297: 298
298: 296 297 299 919
299: 298 302
300: 302 303
301: 302 1178
302: 299 300 301 304 305
303: 300 306 794
304: 302 307
305: 302 308
306: 303
307: 304
308: 305
309: 310
310: 309 313
311: 313
312: 315
313: 310 311 315
314: 315
315: 312 313 314 316 317 318
316: 315 319 532
317: 315
318: 315
319: 316 320 321
320: 319
321: 319
322: 325
323: 325
324: 327
325: 322 323 328
326: 328
327: 210 324 328
328: 325 326 327 329 330 331
329: 328
330: 328 332 333
331: 328
332: 330 335
333: 330
334: 335
335: 332 334 336 338
336: 335
337: 338
338: 335 337 341 940
339: 89 341 477
340: 341
341: 197 338 339 340 342 343 344 618
342: 341
343: 341
344: 341
345: 1171
346: 348
347: 350
348: 346 350 1210
349: 350
350: 347 348 349 351 352 353
351: 350
352: 350
353: 350 356
354: 356
355: 356
356: 353 354 355 357 358 359
357: 356 635
358: 356
359: 356 361
360: 815
361: 359
362: 199 363 364
363: 362
364: 362
365: 368
366: 369
367: 369
368: 365 369
369: 366 367 368 370 371 372 844
370: 369
371: 369
372: 369
373: 376
374: 376
375: 378
376: 373 374 378
377: 378
378: 375 376 377 379 380 381
379: 378 382
380: 378 383
381: 378
382: 379
383: 380 384 385
384: 383
385: 383 388
386: 388
387: 390
388: 385 386 389 390 391 628
389: 388
390: 387 388 392 393
391: 388
392: 390
393: 390 394 395 427
394: 393
395: 393 398
396: 398
397: 398
398: 237 395 396 397 399 401
399: 398 400 402
400: 399
401: 398
402: 399 403 404 405 1457
403: 402
404: 402
405: 402
406: 409
407: 408
408: 407 411
409: 406 411 412
410: 411
411: 408 409 410 413 414 1167
412: 409 415
413: 411
414: 411
415: 412
416: 419
417: 419
418: 421
419: 416 417 569 943
420: 423
421: 418 423
422: 425
423: 420 421 426
424: 426
425: 422 426
426: 423 424 425 427 428 429
427: 132 393 426
428: 426
429: 426 432
430: 431 432
431: 430
432: 429 430 435
433: 435
434: 435
435: 432 433 434 436 437 438 936
436: 435
437: 435 440
438: 435 1089
439: 440
440: 437 439 441
441: 440
442: 445
443: 446
444: 446
445: 442 446
446: 443 444 445 447 448 449
447: 446
448: 446
449: 446 452
450: 452
451: 452
452: 449 450 451 453 454 727
453: 452
454: 452 457 1070
455: 457
456: 457
457: 454 455 456 458 459 460 1144
458: 457 461
459: 457 462
460: 457
461: 458
462: 459 463 464
463: 462
464: 462 467
465: 467
466: 467
467: 464 465 466 468 469 470
468: 467
469: 467
470: 467 473
471: 473
472: 473
473: 470 471 472 474 475 476
474: 473
475: 473
476: 473
477: 339
478: 481
479: 481
480: 481
481: 478 479 480 484
482: 484
483: 484
484: 481 482 483 485
485: 484 488
486: 488
487: 488
488: 485 486 487 489 490 491
489: 4 488
490: 488 493
491: 488
492: 493
493: 490 492 494 495 496
494: 493
495: 493 1033
496: 493 497 498 499
497: 496 500
498: 496
499: 496
500: 497 501 502 503
501: 500
502: 500
503: 500
504: 507
505: 507
506: 507
507: 504 505 506 508 510 1317
508: 507
509: 510
510: 507 509 511 512 513
511: 510
512: 510
513: 510 516
514: 516
515: 516 969
516: 513 514 515 517 518 519 1266
517: 516
518: 516
519: 516 520
520: 519 523 913
521: 523 524
522: 523
523: 520 521 522 525 526 1370
524: 521 527
525: 523 528
526: 523
527: 524
528: 170 525 529
529: 528 532
530: 532
531: 532 533
532: 316 529 530 531 534 535
533: 531
534: 532 537
535: 532
536: 537
537: 534 536 538 539 540
538: 537
539: 537 541
540: 537
541: 539
542: 545
543: 545
544: 545
545: 542 543 544 546 547 548
546: 545
547: 545 550
548: 545
549: 550
550: 547 549 551 552 553 852
551: 550
552: 550
553: 550
554: 1213
555: 563
556: 559
557: 560
558: 560
559: 556 560 625
560: 557 558 559 561 562 563
561: 560
562: 560 930
563: 555 560 564 565 566
564: 563
565: 563
566: 563
567: 570
568: 570
569: 419 572
570: 567 568 572
571: 572
572: 569 570 571 573 574
573: 572
574: 572 577
575: 577
576: 577
577: 574 575 576 578 579 580
578: 577 581
579: 577
580: 577
581: 578
582: 585
583: 214 585
584: 585
585: 582 583 584 586 587 588
586: 585
587: 585
588: 585 591
589: 591
590: 591
591: 588 589 590 592 593 594
592: 591
593: 591
594: 591 613
595: 598
596: 598
597: 598
598: 595 596 597 599 600 601 1412
599: 598
600: 598 602 603
601: 598
602: 600
603: 600
604: 607
605: 608
606: 609
607: 604 609
608: 605 611
609: 606 607 612
610: 612
611: 608 612
612: 33 609 610 611 613 614
613: 594 612
614: 612 617 656 855
615: 617
616: 617
617: 614 615 616 618 619
618: 341 617 621
619: 617 620
620: 619
621: 618
622: 1141
623: 626
624: 626
625: 559 1443
626: 623 624 629
627: 630
628: 388 630
629: 626 630
630: 627 628 629 631 632 633
631: 630 634
632: 630
633: 630
634: 631
635: 357
636: 639
637: 639
638: 640
639: 636 637 640 641 642 980
640: 638 639 1254
641: 639
642: 639
643: 645
644: 645
645: 643 644 647 648
646: 648
647: 645
648: 645 646 649 650 651 1230
649: 648 1034
650: 648
651: 648
652: 653
653: 652 655
654: 655
655: 653 654 657 658 989
656: 614
657: 655
658: 655
659: 662
660: 662
661: 662
662: 659 660 661 784
663: 222 664
664: 663
665: 668
666: 668
667: 668
668: 665 666 667 669 670 671
669: 668 672
670: 668
671: 668
672: 669 673 674
673: 124 672
674: 672 675 1401
675: 153 674 676 677 678 1384
676: 675
677: 675 679 680
678: 675
679: 677 682 1034
680: 677
681: 682
682: 679 681 683 684 685 1029
683: 682 686
684: 682
685: 682
686: 683 687 689 826
687: 686
688: 689
689: 686 688 691
690: 691
691: 689 690 692 693 694 776
692: 691
693: 691
694: 691 697
695: 697
696: 697
697: 694 695 696 698 699 700
698: 697
699: 697
700: 697 703
701: 703
702: 703
703: 700 701 702 704 705 706
704: 703
705: 703
706: 703 707
707: 706
708: 711
709: 711
710: 711
711: 708 709 710 712 713 928
712: 711
713: 711 716
714: 716
715: 716
716: 713 714 715 717 718 719
717: 716 720 823
718: 716
719: 716 721
720: 40 717 722 723
721: 719
722: 720
723: 720
724: 727 1064
725: 727
726: 727
727: 452 724 725 726 728 729
728: 727 730
729: 727
730: 728 731 732 733
731: 730 734
732: 730
733: 730
734: 731 735
735: 734
736: 784
737: 740
738: 740
739: 740
740: 737 738 739 741
741: 740 744
742: 744
743: 746
744: 741 742 746
745: 746
746: 743 744 745 747 748 749
747: 746
748: 746 750 751 1239
749: 746
750: 748
751: 748 753
752: 753 1004
753: 751 752 756
754: 756
755: 756
756: 753 754 755 759
757: 759
758: 759
759: 756 757 758 760 761 762
760: 759 763
761: 759
762: 759
763: 760
764: 767
765: 767
766: 768
767: 764 765 770
768: 766 771
769: 770
770: 767 769 771 772
771: 768 770
772: 770 775
773: 775
774: 775
775: 772 773 774 776 777 778
776: 691 775 779
777: 775
778: 775
779: 776 780
780: 779
781: 784
782: 784
783: 784
784: 662 736 781 782 783 785 1083
785: 784 787
786: 787
787: 785 786 788 789 790
788: 787
789: 787
790: 787 793
791: 794
792: 793
793: 1 227 790 792 794 796
794: 303 791 793 795 797
795: 794
796: 793 799
797: 794
798: 799
799: 796 798 800 801
800: 799
801: 799 804
802: 805
803: 805
804: 801 805
805: 802 803 804 806 807 808
806: 805 809
807: 805
808: 805
809: 806 810 811 812
810: 809
811: 809
812: 809 815
813: 816
814: 817
815: 360 812 817
816: 813 817
817: 814 815 816 818 819 820
818: 817
819: 817 940
820: 817
821: 823
822: 823
823: 717 821 822 824 825
824: 823
825: 823
826: 686
827: 830
828: 831 1374
829: 831
830: 827 831 945
831: 828 829 830 832 833
832: 831
833: 831 836
834: 836
835: 836
836: 833 834 835 837 838 839
837: 836
838: 836 840
839: 836
840: 838
841: 844
842: 845
843: 845
844: 369 841 845
845: 842 843 844 846 847
846: 845
847: 845 850
848: 850
849: 850
850: 847 848 849 851 852 853
851: 850 854
852: 550 850
853: 850
854: 851 857
855: 614 857
856: 857
857: 854 855 856 858
858: 857 861
859: 861
860: 861
861: 858 859 860 862 863 864
862: 861 1487
863: 861
864: 861 867
865: 867
866: 867
867: 864 865 866 868 869 870
868: 867
869: 867 871
870: 867
871: 869
872: 875
873: 875
874: 875
875: 872 873 874 876
876: 875 879
877: 879 1360
878: 879
879: 876 877 878 882
880: 881 1006
881: 880
882: 879
883: 886
884: 886
885: 886
886: 883 884 885 887 888 889
887: 886
888: 886
889: 886 892 1489
890: 892
891: 892
892: 889 890 891 893 894 895 1369
893: 892 896
894: 892
895: 892
896: 893
897: 899
898: 899
899: 897 898 900 901 902
900: 899
901: 899 904
902: 899
903: 257 904
904: 901 903 905
905: 904
906: 909
907: 909
908: 909
909: 906 907 908 910
910: 909 913
911: 913
912: 913
913: 520 910 911 912 914 915 916
914: 913
915: 913
916: 913 919
917: 919
918: 919
919: 298 916 917 918 920 921 922 1209
920: 919
921: 919
922: 919 923 924 925 1300
923: 922 1045
924: 922
925: 922
926: 928
927: 930
928: 711 926 930 931
929: 930
930: 562 927 928 929 932 933
931: 928 934
932: 930 935
933: 930
934: 931
935: 932 938
936: 435
937: 940
938: 935
939: 940
940: 338 819 937 939 941 942
941: 940
942: 940 943
943: 419 942 944 945 946
944: 943
945: 830 943
946: 943
947: 949
948: 177 949
949: 947 948 950 951 952
950: 949
951: 949
952: 949 955
953: 955
954: 955
955: 952 953 954 958
956: 958
957: 958
958: 955 956 957 959 960 961
959: 958
960: 958 963
961: 958
962: 963
963: 960 962 964 965 966
964: 963
965: 963
966: 963
967: 969
968: 969
969: 515 967 968 970
970: 969 972
971: 973
972: 970 973 974 975 1393
973: 971 972 976
974: 972
975: 972
976: 973 977
977: 976
978: 981
979: 982
980: 639 982
981: 978 982
982: 979 980 981 983 984 985
983: 108 982
984: 982
985: 982
986: 26
987: 990
988: 991
989: 655 991
990: 987 991
991: 988 989 990 992 993 994
992: 991
993: 991 1236
994: 991 997
995: 997 998
996: 997
997: 174 994 995 996 999 1000
998: 995
999: 997 1437
1000: 997
1001: 1004
1002: 1004
1003: 1004
1004: 752 1001 1002 1003 1005 1006
1005: 1004
1006: 880 1004 1008
1007: 1010
1008: 1006 1010
1009: 1010
1010: 1007 1008 1009 1011 1012 1013
1011: 1010 1014
1012: 1010 1015
1013: 1010
1014: 1011
1015: 1012 1016 1017 1018 1190
1016: 1015
1017: 1015 1020
1018: 1015
1019: 1240
1020: 1017 1021 1022 1023
1021: 1020
1022: 1020
1023: 1020
1024: 1027
1025: 1027
1026: 1029
1027: 1024 1025 1029
1028: 1029
1029: 682 1026 1027 1028 1030 1031
1030: 1029
1031: 1029
1032: 1034
1033: 495
1034: 189 649 679 1032 1035 1036 1037
1035: 1034
1036: 1034 1038 1039
1037: 1034
1038: 1036 1040
1039: 1036
1040: 1038 1041 1042
1041: 1040
1042: 1040
1043: 1045
1044: 1045
1045: 923 1043 1044 1046 1047 1048
1046: 1045
1047: 1045
1048: 1045 1051
1049: 1051
1050: 1051
1051: 1048 1049 1050 1052 1053 1054
1052: 1051
1053: 1051 1056
1054: 1051
1055: 1056
1056: 1053 1055 1057
1057: 1056
1058: 1061
1059: 1061
1060: 1061 1418
1061: 1058 1059 1060 1062 1063 1064
1062: 1061
1063: 1061
1064: 724 1061 1065 1349
1065: 1064
1066: 182
1067: 1069
1068: 1071
1069: 1067 1071
1070: 454 1071
1071: 1068 1069 1070 1074
1072: 1074
1073: 1074
1074: 1071 1072 1073 1077
1075: 1077
1076: 1079
1077: 1074 1075 1079
1078: 1079
1079: 1076 1077 1078 1080 1081 1082
1080: 1079
1081: 1079 1084
1082: 1079
1083: 784 1085
1084: 1081
1085: 1083
1086: 1089
1087: 1089
1088: 178 1089
1089: 438 1086 1087 1088 1090 1091 1092
1090: 1089
1091: 1089
1092: 1089 1093
1093: 1092
1094: 1097
1095: 1097
1096: 1097
1097: 277 1094 1095 1096 1098 1099
1098: 1097
1099: 1097 1102
1100: 1102 1103
1101: 1102
1102: 1099 1100 1101 1104 1105
1103: 1100 1106
1104: 1102
1105: 1102 1107 1108
1106: 1103 1109
1107: 1105
1108: 1105
1109: 1106 1112
1110: 1113
1111: 1113
1112: 1109 1113 1114
1113: 1110 1111 1112 1115 1116 1256
1114: 1112 1117
1115: 1113 1118
1116: 1113 1119
1117: 1114
1118: 1115
1119: 1116 1120 1121
1120: 1119
1121: 1119 1124
1122: 1124
1123: 1124 1264
1124: 1121 1122 1123 1125 1126 1127
1125: 1124 1128
1126: 1124 1129
1127: 1124
1128: 1125 1463
1129: 1126 1130 1131 1132
1130: 1129
1131: 1129
1132: 1129
1133: 1136
1134: 1136
1135: 1136
1136: 1133 1134 1135 1137 1138
1137: 1136
1138: 1136 1141
1139: 1141
1140: 1141
1141: 622 1138 1139 1140 1142
1142: 1141 1145
1143: 1145
1144: 457 1147
1145: 1142 1143 1147
1146: 1147
1147: 1144 1145 1146 1148 1149 1150
1148: 1147
1149: 1147
1150: 1147 1151
1151: 1150
1152: 1155
1153: 1155
1154: 242 1155
1155: 1152 1153 1154 1156 1157 1158
1156: 1155 1159
1157: 1155
1158: 1155
1159: 1156
1160: 241
1161: 1163
1162: 1165
1163: 105 1161 1165
1164: 1167
1165: 1162 1163 1168
1166: 1168
1167: 411 1164 1168 1396
1168: 1165 1166 1167 1169 1170 1171
1169: 1168
1170: 1168
1171: 62 345 1168 1172 1173 1174
1172: 1171
1173: 1171
1174: 1171
1175: 1178
1176: 1178
1177: 1178
1178: 301 1175 1176 1177 1181
1179: 1181
1180: 1181
1181: 1178 1179 1180 1182 1183 1184
1182: 1181 1185
1183: 1181
1184: 1181
1185: 1182 1186 1187 1188
1186: 1185
1187: 1185
1188: 1185
1189: 1192
1190: 1015 1192
1191: 1192
1192: 1189 1190 1191 1193 1194 1195
1193: 1192
1194: 1192
1195: 1192
1196: 1199
1197: 1199
1198: 1199
1199: 123 1196 1197 1198 1202
1200: 1202
1201: 1202
1202: 1199 1200 1201 1203 1204 1205
1203: 1202
1204: 1202 1206 1207 1280
1205: 1202
1206: 250 1204
1207: 1204
1208: 1210
1209: 919
1210: 348 1208 1211 1212 1213
1211: 1210
1212: 1210
1213: 554 1210 1216
1214: 1216
1215: 1217
1216: 1213 1214 1217 1218 1219
1217: 1215 1216 1220
1218: 1216
1219: 1216
1220: 1217 1222
1221: 1429
1222: 1220 1225
1223: 1225
1224: 101 1227
1225: 1222 1223 1227
1226: 1227
1227: 42 1224 1225 1226 1228 1229 1338
1228: 1227 1231
1229: 1227
1230: 648 1231
1231: 1228 1230 1232 1233 1234 1356
1232: 1231
1233: 1231
1234: 1231
1235: 1236
1236: 993 1235 1237 1238
1237: 1236
1238: 1236 1241
1239: 748 1241
1240: 1019 1241
1241: 1238 1239 1240 1242
1242: 1241 1245
1243: 1245
1244: 1245
1245: 1242 1243 1244 1246
1246: 1245 1249
1247: 1249
1248: 1249
1249: 1246 1247 1248 1250 1251 1252
1250: 1249
1251: 1249
1252: 1249
1253: 172
1254: 640 1255 1256
1255: 1254 1257 1258
1256: 1113 1254 1259
1257: 1255
1258: 1255
1259: 1256 1260 1261
1260: 1259
1261: 1259
1262: 1265
1263: 1265
1264: 1123 1265
1265: 1262 1263 1264
1266: 516
1267: 1270
1268: 1270
1269: 1270
1270: 214 1267 1268 1269 1271
1271: 1270
1272: 1275
1273: 1275
1274: 1275
1275: 1272 1273 1274 1276 1277 1278
1276: 1275
1277: 1275 1280
1278: 1275
1279: 1280
1280: 1204 1277 1279 1282 1283
1281: 1284
1282: 1280 1284
1283: 1280
1284: 1281 1282
1285: 1288
1286: 1289
1287: 1289
1288: 1285 1289
1289: 1286 1287 1288 1290 1291 1292
1290: 1289
1291: 1289
1292: 1289 1295
1293: 1295
1294: 1295
1295: 1292 1293 1294 1298
1296: 1298
1297: 1298
1298: 174 1295 1296 1297 1299 1301
1299: 1298 1302
1300: 922
1301: 1298
1302: 1299
1303: 1305
1304: 1305
1305: 1303 1304 1308
1306: 1308
1307: 1308
1308: 1305 1306 1307 1309 1310 1311
1309: 1308 1312
1310: 1308
1311: 1308
1312: 1309 1315
1313: 1315
1314: 1315
1315: 1312 1313 1314 1316 1317 1318
1316: 1315
1317: 507 1315 1319 1320
1318: 1315
1319: 1317 1321 1322
1320: 1317
1321: 1319
1322: 1319
1323: 1326
1324: 1326
1325: 1328
1326: 1323 1324 1329
1327: 1329
1328: 1325 1331
1329: 1326 1327 1331
1330: 1331
1331: 1328 1329 1330 1332 1333 1334
1332: 1331
1333: 1331
1334: 1331 1337
1335: 1337
1336: 1337
1337: 1334 1335 1336 1338 1339 1340
1338: 1227 1337
1339: 1337
1340: 1337
1341: 1344
1342: 1344
1343: 1344
1344: 1341 1342 1343 1347
1345: 1347
1346: 1347
1347: 1344 1345 1346 1348 1349 1350 1351
1348: 1347
1349: 1064 1347 1352
1350: 1347
1351: 1347
1352: 1349
1353: 1356
1354: 1356
1355: 1356
1356: 1231 1353 1354 1355 1357 1358 1359
1357: 1356 1360
1358: 1356
1359: 1356
1360: 877 1357 1361 1362 1363 1415
1361: 1360
1362: 1360 1364
1363: 1360
1364: 1362
1365: 1366 1368 1455
1366: 1365
1367: 1369
1368: 1365
1369: 892 1367 1370
1370: 523 1369
1371: 1374
1372: 1374
1373: 1374
1374: 828 1371 1372 1373 1376
1375: 1376
1376: 1374 1375
1377: 1380
1378: 1380
1379: 1380
1380: 1377 1378 1379 1381 1382 1383
1381: 1380
1382: 1380
1383: 1380 1384 1385
1384: 675 1383
1385: 1383 1388
1386: 1388
1387: 1388
1388: 1385 1386 1387 1389 1390 1391
1389: 1388 1392
1390: 1388
1391: 1388
1392: 1389
1393: 972
1394: 1396
1395: 1398
1396: 1167 1394
1397: 1400
1398: 1395 1401
1399: 1401
1400: 1397 1401
1401: 674 1398 1399 1400 1402 1403 1404
1402: 1401 1405
1403: 1401 1406
1404: 1401
1405: 1402
1406: 1403
1407: 1409
1408: 1411
1409: 1407 1411
1410: 1411
1411: 1408 1409 1410 1412 1413 1414
1412: 598 1411
1413: 1411
1414: 1411 1417
1415: 1360 1417
1416: 1417
1417: 1414 1415 1416 1418 1419 1420
1418: 1060 1417
1419: 1417 1421 1422
1420: 1417
1421: 1419 1423 1424
1422: 1419
1423: 1421
1424: 1421
1425: 1427
1426: 1429
1427: 1425 1429
1428: 1431
1429: 1221 1426 1427 1431
1430: 1431
1431: 1428 1429 1430 1432 1433
1432: 1431
1433: 1431 1436
1434: 1436
1435: 1436
1436: 236 1433 1434 1435 1437 1438 1439
1437: 999 1436
1438: 1436
1439: 1436 1440 1441 1442
1440: 1439
1441: 1439
1442: 1439
1443: 625
1444: 1447
1445: 1448
1446: 1448
1447: 1444 1448
1448: 1445 1446 1447 1449 1450
1449: 1448
1450: 1448 1453
1451: 1453
1452: 1453 1455
1453: 1450 1451 1452
1454: 1455
1455: 1365 1452 1454 1456 1457 1458
1456: 1455 1459
1457: 402 1455
1458: 1455
1459: 1456
1460: 1471
1461: 1464
1462: 1465
1463: 1128 1465
1464: 1461 1465
1465: 1462 1463 1464 1466
1466: 1465 1469
1467: 1469
1468: 1469
1469: 1466 1467 1468 1470 1472
1470: 1469
1471: 1460 1472
1472: 1469 1471 1473 1474 1475
1473: 1472 1476
1474: 1472
1475: 1472
1476: 1473
1477: 1480
1478: 1481
1479: 1481
1480: 1477 1481
1481: 1478 1479 1480 1482 1483 1484
1482: 1481
1483: 1481 1486
1484: 1481 1487
1485: 1486
1486: 1483 1485 1488
1487: 862 1484 1490
1488: 1486
1489: 889
1490: 1487
1491: 1494
1492: 1494
1493: 1494
1494: 1491 1492 1493 1495 1496
1495: 1494
1496: 1494 1499
1497: 1499
1498: 1499
1499: 0 1 2 1496 1497 1498