250 6

86 48 98 78 75 35 8 98 7 69 23 28 81 39 28 76 61 58 30 29 76 58 21 15 87 25 79 89 34 57 14 18 63 36 61 21 37 62 15 100 56 20 16 41 45 39 100 96 71 7 23 49 82 53 49 44 2 88 81 18 41 86 84 11 28 27 53 60 80 69 91 72 18 27 85 78 71 36 90 11 87 85 55 83 1 69 87 46 66 89 5 55 45 24 36 19 34 74 24 68 65 86 50 68 37 76 13 6 75 35 37 41 67 32 16 4 51 79 73 100 59 5 21 45 5 89 55 84 26 33 73 51 74 6 49 60 49 64 87 91 88 58 37 54 12 15 46 93 71 79 18 23 57 68 40 43 77 92 49 82 57 49 91 77 87 50 82 29 60 88 41 81 31 36 97 23 75 57 52 25 77 92 85 23 100 11 72 82 10 69 47 30 91 9 9 76 68 20 4 26 76 62 79 33 62 2 37 10 20 20 72 2 59 45 49 35 71 77 31 68 75 96 11 97 52 12 25 52 36 51 75 57 59 15 85 47 69 13 23 79 11 39 59 94 83 78 42 58 7 86
0: 248
1: 248
2: 6
3: 8 248
4: 5
5: 4 8 205
6: 2 8 165
7: 8
8: 3 5 6 7 10 11 12 13 135
9: 205
10: 8
11: 8 16
12: 8
13: 8
14: 122
15: 41
16: 11
17: 22 185
18: 23
19: 23
20: 23
21: 23
22: 17
23: 18 19 20 21 24 25
24: 23
25: 23 30
26: 30
27: 30
28: 30
29: 30
30: 25 26 27 28 29 31 32 33 34 35
31: 30 162
32: 30
33: 30 38
34: 30
35: 30
36: 38
37: 38
38: 33 36 37 39 40 41 42 43
39: 38
40: 38
41: 15 38
42: 38 45
43: 38
44: 49
45: 42 49
46: 49
47: 49
48: 49
49: 44 45 46 47 48 50 51
50: 49
51: 49 56
52: 56
53: 56
54: 56
55: 56
56: 51 52 53 54 55 57 58 59 60 200
57: 56
58: 56 63
59: 56 77 205
60: 56
61: 63 175
62: 63
63: 58 61 62 65 68
64: 211
65: 63
66: 115
67: 84 222
68: 63
69: 72
70: 121
71: 72
72: 69 71 73 114
73: 72
74: 79
75: 79
76: 79
77: 59
78: 79
79: 74 75 76 78 84 151
80: 84
81: 84
82: 84
83: 84
84: 67 79 80 81 82 83 85 86 89
85: 84 90
86: 84
87: 90
88: 90 107
89: 84
90: 85 87 88 91 92 93 94 95 193
91: 90
92: 90
93: 90
94: 90
95: 90 96 98 100
96: 95
97: 150
98: 95
99: 121
100: 95
101: 106
102: 107
103: 106
104: 107
105: 107
106: 101 103 107 108
107: 88 102 104 105 106 109 110
108: 106
109: 107 114
110: 107
111: 115
112: 115
113: 115
114: 72 109
115: 66 111 112 113 116 117 118 119 120 204
116: 115 121
117: 115
118: 115
119: 115 124
120: 115
121: 70 99 116 122 123 125 126
122: 14 121
123: 121
124: 119 127 128 129
125: 121
126: 121
127: 124
128: 124 130 133
129: 124
130: 128
131: 133
132: 133
133: 128 131 132 134 136 137 138 167
134: 133
135: 8
136: 133
137: 133
138: 133
139: 144
140: 144
141: 144
142: 144
143: 144
144: 139 140 141 142 143 145 146 147 148 149 154
145: 144 150
146: 144 207
147: 144
148: 144
149: 144
150: 97 145 155
151: 79 152 156
152: 151
153: 185
154: 144 157 158 159
155: 150 160
156: 151 161
157: 154
158: 154
159: 154
160: 155
161: 156
162: 31
163: 167
164: 167
165: 6
166: 167
167: 133 163 164 166 168 169
168: 167
169: 167
170: 175
171: 175
172: 175
173: 175
174: 175
175: 61 170 171 172 173 174 176 177 178
176: 175
177: 175
178: 175
179: 198
180: 185
181: 183
182: 185
183: 181 188
184: 188
185: 17 153 180 182 188
186: 188
187: 188
188: 183 184 185 186 187 193
189: 194
190: 193
191: 193
192: 193
193: 90 188 190 191 192 198
194: 189 197 198
195: 198
196: 198
197: 194
198: 179 193 194 195 196 199 200 201
199: 198
200: 56 198
201: 198
202: 205
203: 205 211
204: 115 205
205: 5 9 59 202 203 204 206 207 208 210
206: 205
207: 146 205
208: 205
209: 211
210: 205
211: 64 203 209 212 213 214 215 216
212: 211
213: 211
214: 211
215: 211
216: 211
217: 222
218: 222
219: 222
220: 225
221: 222
222: 67 217 218 219 221 223 224 225 226 227
223: 222
224: 222
225: 220 222 229 230
226: 222
227: 222
228: 233
229: 225
230: 225
231: 233
232: 237
233: 228 231 234 248
234: 233
235: 240
236: 240
237: 232 240
238: 240
239: 240
240: 235 236 237 238 239 241 242 243 244
241: 240
242: 240
243: 240
244: 240 248
245: 248
246: 248
247: 248
248: 0 1 3 233 244 245 246 247 249
249: 248