144 3

97 77 60 79 64 7 62 76 8 97 35 56 68 15 54 28 95 99 2 47 73 79 24 4 46 57 46 22 77 92 82 2 32 73 71 22 51 13 85 16 44 31 2 28 39 22 11 87 42 89 10 32 47 99 77 96 3 98 2 31 31 29 91 51 60 29 87 49 74 54 44 76 23 97 29 71 68 69 1 75 20 44 34 27 10 97 15 81 69 72 44 1 76 6 66 83 8 18 86 13 5 96 46 36 19 22 3 2 25 70 8 97 34 37 7 59 71 53 29 96 55 37 91 80 74 85 43 98 36 28 57 70 4 57 3 52 8 63 24 4 13 19 71 58
0: 1 12
1: 0 2 13
2: 1 3 14
3: 2 4 15
4: 3 5 16
5: 4 6 17
6: 5 7 18
7: 6 8 19
8: 7 9 20
9: 8 10 21
10: 9 11 22
11: 10 23
12: 0 13 24
13: 1 12 14 25
14: 2 13 15 26
15: 3 14 16 27
16: 4 15 17 28
17: 5 16 18 29
18: 6 17 19 30
19: 7 18 20 31
20: 8 19 21 32
21: 9 20 22 33
22: 10 21 23 34
23: 11 22 35
24: 12 25 36
25: 13 24 26 37
26: 14 25 27 38
27: 15 26 28 39
28: 16 27 29 40
29: 17 28 30 41
30: 18 29 31 42
31: 19 30 32 43
32: 20 31 33 44
33: 21 32 34 45
34: 22 33 35 46
35: 23 34 47
36: 24 37 48
37: 25 36 38 49
38: 26 37 39 50
39: 27 38 40 51
40: 28 39 41 52
41: 29 40 42 53
42: 30 41 43 54
43: 31 42 44 55
44: 32 43 45 56
45: 33 44 46 57
46: 34 45 47 58
47: 35 46 59
48: 36 49 60
49: 37 48 50 61
50: 38 49 51 62
51: 39 50 52 63
52: 40 51 53 64
53: 41 52 54 65
54: 42 53 55 66
55: 43 54 56 67
56: 44 55 57 68
57: 45 56 58 69
58: 46 57 59 70
59: 47 58 71
60: 48 61 72
61: 49 60 62 73
62: 50 61 63 74
63: 51 62 64 75
64: 52 63 65 76
65: 53 64 66 77
66: 54 65 67 78
67: 55 66 68 79
68: 56 67 69 80
69: 57 68 70 81
70: 58 69 71 82
71: 59 70 83
72: 60 73 84
73: 61 72 74 85
74: 62 73 75 86
75: 63 74 76 87
76: 64 75 77 88
77: 65 76 78 89
78: 66 77 79 90
79: 67 78 80 91
80: 68 79 81 92
81: 69 80 82 93
82: 70 81 83 94
83: 71 82 95
84: 72 85 96
85: 73 84 86 97
86: 74 85 87 98
87: 75 86 88 99
88: 76 87 89 100
89: 77 88 90 101
90: 78 89 91 102
91: 79 90 92 103
92: 80 91 93 104
93: 81 92 94 105
94: 82 93 95 106
95: 83 94 107
96: 84 97 108
97: 85 96 98 109
98: 86 97 99 110
99: 87 98 100 111
100: 88 99 101 112
101: 89 100 102 113
102: 90 101 103 114
103: 91 102 104 115
104: 92 103 105 116
105: 93 104 106 117
106: 94 105 107 118
107: 95 106 119
108: 96 109 120
109: 97 108 110 121
110: 98 109 111 122
111: 99 110 112 123
112: 100 111 113 124
113: 101 112 114 125
114: 102 113 115 126
115: 103 114 116 127
116: 104 115 117 128
117: 105 116 118 129
118: 106 117 119 130
119: 107 118 131
120: 108 121 132
121: 109 120 122 133
122: 110 121 123 134
123: 111 122 124 135
124: 112 123 125 136
125: 113 124 126 137
126: 114 125 127 138
127: 115 126 128 139
128: 116 127 129 140
129: 117 128 130 141
130: 118 129 131 142
131: 119 130 143
132: 120 133
133: 121 132 134
134: 122 133 135
135: 123 134 136
136: 124 135 137
137: 125 136 138
138: 126 137 139
139: 127 138 140
140: 128 139 141
141: 129 140 142
142: 130 141 143
143: 131 142