100 2

59 84 44 7 14 17 87 98 1 23 51 84 74 90 46 66 86 95 47 68 44 83 25 40 2 18 14 26 50 95 14 96 55 92 94 51 48 39 64 37 54 21 23 75 41 50 10 84 26 74 65 70 23 76 12 67 77 49 14 72 6 8 79 23 53 9 82 77 11 53 50 45 10 19 23 4 19 94 54 92 32 78 55 5 56 5 35 84 32 85 83 25 80 32 19 98 39 80 89 2
0: 10
1: 2
2: 1 3
3: 2 4 13
4: 3 5 14
5: 4 6 15
6: 5
7: 8
8: 7 9 18
9: 8 19
10: 0 11 20
11: 10
12: 22
13: 3
14: 4 24
15: 5
16: 26
17: 18 27
18: 8 17
19: 9
20: 10 30
21: 22
22: 12 21 23 32
23: 22 24 33
24: 14 23 25 34
25: 24 26 35
26: 16 25 27 36
27: 17 26 28 37
28: 27
29: 39
30: 20 31 40
31: 30 41
32: 22 42
33: 23
34: 24
35: 25
36: 26 46
37: 27
38: 39 48
39: 29 38
40: 30
41: 31 42 51
42: 32 41 43 52
43: 42
44: 54
45: 46
46: 36 45 47 56
47: 46 48
48: 38 47 49 58
49: 48
50: 60
51: 41 61
52: 42
53: 54
54: 44 53 55
55: 54 65
56: 46
57: 58
58: 48 57 59 68
59: 58
60: 50 61 70
61: 51 60 62 71
62: 61 72
63: 73
64: 65
65: 55 64 66 75
66: 65
67: 68
68: 58 67 69 78
69: 68 79
70: 60 80
71: 61
72: 62 73
73: 63 72 83
74: 75
75: 65 74 76 85
76: 75 77
77: 76
78: 68 88
79: 69
80: 70 81
81: 80 91
82: 83
83: 73 82 84 93
84: 83 85 94
85: 75 84 86 95
86: 85 96
87: 88
88: 78 87 89
89: 88 99
90: 91
91: 81 90 92
92: 91
93: 83
94: 84
95: 85
96: 86 97
97: 96
98: 99
99: 89 98