81 2

70 96 70 50 55 76 14 15 40 14 39 90 95 90 34 25 84 41 100 36 42 37 22 35 22 9 78 22 48 4 26 60 45 7 10 38 14 17 7 27 50 16 21 31 51 17 60 30 1 11 39 91 30 21 79 40 3 42 20 24 76 65 56 37 43 84 62 55 87 66 42 50 47 32 37 44 67 98 35 33 97
0: 9
1: 10
2: 3
3: 2 4 12
4: 3
5: 6
6: 5 7 15
7: 6 8 16
8: 7 17
9: 0 10 18
10: 1 9 11 19
11: 10
12: 3 21
13: 22
14: 15
15: 6 14
16: 7 25
17: 8
18: 9 27
19: 10
20: 29
21: 12 22
22: 13 21 23 31
23: 22 24
24: 23 25 33
25: 16 24 26
26: 25
27: 18 36
28: 29
29: 20 28 30 38
30: 29
31: 22
32: 33 41
33: 24 32 34 42
34: 33 35 43
35: 34
36: 27 37 45
37: 36 38 46
38: 29 37 39
39: 38 48
40: 41 49
41: 32 40
42: 33 51
43: 34 52
44: 53
45: 36 54
46: 37
47: 48 56
48: 39 47 49 57
49: 40 48 50 58
50: 49
51: 42
52: 43 53 61
53: 44 52 62
54: 45 63
55: 56
56: 47 55 65
57: 48 66
58: 49 59 67
59: 58 60 68
60: 59
61: 52 70
62: 53
63: 54 64
64: 63 73
65: 56
66: 57
67: 58
68: 59
69: 78
70: 61 71 79
71: 70
72: 73
73: 64 72 74
74: 73 75
75: 74 76
76: 75
77: 78
78: 69 77 79
79: 70 78 80
80: 79