144 3

74 15 92 88 7 85 43 81 24 57 61 91 92 94 66 9 13 10 53 81 26 48 36 63 21 90 26 93 38 56 42 57 29 82 14 15 62 95 70 30 95 27 92 77 33 90 61 27 100 18 9 97 29 2 47 9 55 69 38 1 71 20 35 39 96 37 82 31 15 29 36 15 73 86 39 55 21 90 14 76 19 90 86 88 21 36 73 38 68 51 48 15 7 49 56 54 52 68 44 22 40 65 41 3 51 83 18 10 7 82 10 39 5 11 29 24 43 50 50 47 3 32 15 39 78 88 4 96 2 58 53 40 28 41 22 96 45 33 96 37 78 87 41 97
0: 1 12
1: 0 2
2: 1
3: 4
4: 3 5 16
5: 4 17
6: 7 18
7: 6 8
8: 7 9 20
9: 8 10 21
10: 9 11
11: 10
12: 0 24
13: 14 25
14: 13 15
15: 14 16
16: 4 15 28
17: 5 18
18: 6 17
19: 20 31
20: 8 19
21: 9
22: 34
23: 35
24: 12 25
25: 13 24 26 37
26: 25
27: 28 39
28: 16 27 29 40
29: 28
30: 31
31: 19 30 32
32: 31 33 44
33: 32 34 45
34: 22 33 46
35: 23 47
36: 48
37: 25
38: 39 50
39: 27 38
40: 28 52
41: 42 53
42: 41
43: 44
44: 32 43
45: 33
46: 34 47
47: 35 46
48: 36 49 60
49: 48 61
50: 38 51 62
51: 50 63
52: 40
53: 41 54
54: 53 55 66
55: 54 56
56: 55 68
57: 58 69
58: 57 59
59: 58 71
60: 48 72
61: 49 73
62: 50
63: 51
64: 65
65: 64 66 77
66: 54 65 67
67: 66
68: 56
69: 57
70: 71 82
71: 59 70
72: 60 84
73: 61
74: 75 86
75: 74 87
76: 88
77: 65 78 89
78: 77 79
79: 78 80
80: 79
81: 93
82: 70 83 94
83: 82
84: 72 96
85: 86 97
86: 74 85 98
87: 75
88: 76 100
89: 77 90 101
90: 89 91 102
91: 90 92
92: 91 93
93: 81 92 94
94: 82 93 95 106
95: 94
96: 84 97 108
97: 85 96 109
98: 86 99
99: 98 100
100: 88 99
101: 89
102: 90
103: 115
104: 116
105: 117
106: 94 107
107: 106 119
108: 96
109: 97 110 121
110: 109
111: 112
112: 111 124
113: 114 125
114: 113
115: 103 127
116: 104 117 128
117: 105 116 129
118: 119
119: 107 118
120: 132
121: 109 122
122: 121 123 134
123: 122 124
124: 112 123 136
125: 113 126 137
126: 125 127 138
127: 115 126 128
128: 116 127 140
129: 117 130
130: 129 131
131: 130 143
132: 120 133
133: 132 134
134: 122 133 135
135: 134
136: 124 137
137: 125 136
138: 126
139: 140
140: 128 139
141: 142
142: 141 143
143: 131 142