144 2

359 412 44 380 46 138 307 225 268 358 215 246 66 298 140 122 499 450 497 218 381 376 484 469 168 201 278 276 421 209 362 375 238 161 358 448 270 294 142 456 141 139 180 56 215 322 349 404 461 89 495 283 304 242 143 19 376 302 137 435 39 403 113 379 19 386 296 419 143 493 244 290 137 96 138 139 55 3 219 157 472 429 483 403 317 69 367 4 420 338 140 177 356 223 112 370 265 332 120 90 324 55 263 127 444 482 168 75 331 54 112 449 458 64 289 267 194 166 201 380 381 321 429 348 16 213 175 355 359 170 386 300 160 394 393 207 469 492 158 117 311 304 292 59
0: 1
1: 0 13
2: 3 14
3: 2 4
4: 3
5: 6 17
6: 5 7
7: 6
8: 9
9: 8 21
10: 11
11: 10 23
12: 13 24
13: 1 12 14
14: 2 13 15
15: 14 16 27
16: 15
17: 5 18
18: 17 30
19: 20 31
20: 19 21
21: 9 20 22
22: 21 23 34
23: 11 22
24: 12
25: 37
26: 27 38
27: 15 26
28: 40
29: 41
30: 18 31
31: 19 30
32: 44
33: 45
34: 22 35
35: 34 47
36: 48
37: 25 49
38: 26 39
39: 38 40 51
40: 28 39 52
41: 29 42 53
42: 41 43 54
43: 42 44
44: 32 43 45 56
45: 33 44
46: 58
47: 35 59
48: 36 60
49: 37 50
50: 49 62
51: 39
52: 40 53
53: 41 52
54: 42
55: 56
56: 44 55 68
57: 58
58: 46 57 59
59: 47 58 71
60: 48 61 72
61: 60 62 73
62: 50 61 63
63: 62 64
64: 63 76
65: 66
66: 65 67 78
67: 66 68 79
68: 56 67 80
69: 70 81
70: 69 71
71: 59 70 83
72: 60 84
73: 61
74: 86
75: 76
76: 64 75 77
77: 76 78 89
78: 66 77
79: 67
80: 68
81: 69 82
82: 81 94
83: 71
84: 72 85
85: 84 86
86: 74 85 98
87: 99
88: 89
89: 77 88
90: 91 102
91: 90 92
92: 91 104
93: 94
94: 82 93 95 106
95: 94
96: 97 108
97: 96 98
98: 86 97 99
99: 87 98 111
100: 101 112
101: 100
102: 90 103
103: 102 115
104: 92 105
105: 104 106
106: 94 105 107
107: 106 119
108: 96 120
109: 110
110: 109 111
111: 99 110
112: 100 113
113: 112 125
114: 126
115: 103 116
116: 115 128
117: 129
118: 119
119: 107 118
120: 108 121 132
121: 120 133
122: 134
123: 124
124: 123 125
125: 113 124 126
126: 114 125 138
127: 128 139
128: 116 127 129
129: 117 128 130 141
130: 129 131 142
131: 130 143
132: 120
133: 121 134
134: 122 133 135
135: 134 136
136: 135 137
137: 136
138: 126 139
139: 127 138 140
140: 139
141: 129
142: 130
143: 131