144 5

190 27 461 82 354 157 231 67 461 26 136 489 498 176 54 399 239 390 53 77 286 223 133 18 363 62 43 278 263 99 207 271 365 109 74 355 404 226 4 345 13 184 151 134 465 245 477 51 318 451 127 43 222 313 355 34 242 15 62 356 356 216 314 171 320 467 279 140 198 467 220 138 295 180 363 59 299 442 123 271 14 62 488 473 203 376 272 481 150 385 156 468 3 495 151 211 334 449 146 468 89 212 267 196 282 140 57 73 350 371 180 106 165 376 73 238 164 268 219 187 335 479 320 436 70 146 267 425 146 91 103 387 35 34 369 357 478 171 490 205 215 342 386 403
0: 1
1: 0 13
2: 3
3: 2 15
4: 5 16
5: 4 6 17
6: 5 7 18
7: 6 8 19
8: 7 9
9: 8 21
10: 22
11: 23
12: 13
13: 1 12 14
14: 13 15 26
15: 3 14
16: 4
17: 5
18: 6 30
19: 7 31
20: 21
21: 9 20
22: 10 34
23: 11 35
24: 25
25: 24 37
26: 14 27 38
27: 26 39
28: 29
29: 28 30 41
30: 18 29
31: 19
32: 44
33: 45
34: 22 46
35: 23 47
36: 37 48
37: 25 36 49
38: 26 50
39: 27 40
40: 39 41
41: 29 40 42 53
42: 41
43: 55
44: 32 45
45: 33 44 57
46: 34 58
47: 35 59
48: 36
49: 37 61
50: 38 51
51: 50
52: 64
53: 41 54
54: 53 66
55: 43 56 67
56: 55 57 68
57: 45 56 58
58: 46 57
59: 47 71
60: 61 72
61: 49 60
62: 63
63: 62 64 75
64: 52 63 65 76
65: 64
66: 54 67 78
67: 55 66 79
68: 56
69: 70 81
70: 69 71
71: 59 70
72: 60 73 84
73: 72 85
74: 75
75: 63 74 87
76: 64
77: 78 89
78: 66 77
79: 67
80: 81
81: 69 80 93
82: 83 94
83: 82
84: 72 96
85: 73 86 97
86: 85 87 98
87: 75 86 99
88: 100
89: 77 90
90: 89
91: 92
92: 91 104
93: 81 105
94: 82 95
95: 94 107
96: 84 108
97: 85
98: 86
99: 87 100 111
100: 88 99 112
101: 113
102: 103
103: 102 104 115
104: 92 103
105: 93 117
106: 107 118
107: 95 106
108: 96 109 120
109: 108 121
110: 122
111: 99
112: 100 113 124
113: 101 112 125
114: 115 126
115: 103 114 116 127
116: 115 128
117: 105 118
118: 106 117 130
119: 131
120: 108 132
121: 109 133
122: 110 134
123: 135
124: 112
125: 113
126: 114 138
127: 115 139
128: 116
129: 130
130: 118 129 131 142
131: 119 130
132: 120
133: 121 134
134: 122 133
135: 123
136: 137
137: 136 138
138: 126 137
139: 127
140: 141
141: 140 142
142: 130 141 143
143: 142