144 2

27 10 80 81 21 11 36 56 8 33 76 30 20 14 91 81 19 25 42 76 66 6 17 12 55 73 24 40 100 93 81 16 92 78 64 66 56 81 46 86 72 26 40 63 76 23 94 61 6 65 94 46 3 83 92 53 14 77 100 74 76 49 6 93 9 52 66 64 98 11 36 97 91 38 61 31 25 13 46 81 7 90 96 79 71 93 62 15 82 38 77 36 16 76 19 86 92 98 76 10 34 91 51 90 81 3 73 19 90 67 46 36 56 68 51 17 98 13 76 61 100 38 64 60 97 9 37 78 89 51 12 3 43 54 27 42 75 22 61 51 39 47 36 92
0: 1 12
1: 0 2 13
2: 1 3
3: 2
4: 5 16
5: 4 17
6: 7
7: 6 8 19
8: 7
9: 10
10: 9 11 22
11: 10
12: 0
13: 1 14
14: 13 26
15: 27
16: 4 28
17: 5 18 29
18: 17 19
19: 7 18 20 31
20: 19 21
21: 20 22
22: 10 21 23
23: 22 35
24: 36
25: 26 37
26: 14 25 27
27: 15 26
28: 16
29: 17 30 41
30: 29 42
31: 19
32: 44
33: 34
34: 33 35 46
35: 23 34
36: 24 48
37: 25 38 49
38: 37 39
39: 38 40
40: 39 41 52
41: 29 40
42: 30 43 54
43: 42
44: 32 45 56
45: 44 57
46: 34 47
47: 46
48: 36 49 60
49: 37 48
50: 51
51: 50 52
52: 40 51
53: 54
54: 42 53 55
55: 54
56: 44
57: 45 58
58: 57 59 70
59: 58
60: 48 61 72
61: 60 62
62: 61 74
63: 75
64: 65
65: 64 66 77
66: 65 67 78
67: 66
68: 69 80
69: 68 70
70: 58 69 71 82
71: 70
72: 60 73 84
73: 72
74: 62
75: 63 76
76: 75 77 88
77: 65 76
78: 66 79 90
79: 78
80: 68
81: 93
82: 70 83
83: 82 95
84: 72 96
85: 86
86: 85 87
87: 86 88 99
88: 76 87
89: 90 101
90: 78 89 91 102
91: 90 92
92: 91 93
93: 81 92 105
94: 95 106
95: 83 94
96: 84 97 108
97: 96 98 109
98: 97
99: 87
100: 101
101: 89 100
102: 90 103 114
103: 102 104
104: 103 116
105: 93 106
106: 94 105
107: 119
108: 96
109: 97 110
110: 109 122
111: 112 123
112: 111 113
113: 112 125
114: 102 126
115: 127
116: 104 128
117: 118 129
118: 117
119: 107 131
120: 121 132
121: 120 133
122: 110 134
123: 111 135
124: 125
125: 113 124 126 137
126: 114 125
127: 115 139
128: 116 129 140
129: 117 128
130: 131
131: 119 130 143
132: 120
133: 121 134
134: 122 133
135: 123
136: 137
137: 125 136
138: 139
139: 127 138 140
140: 128 139 141
141: 140 142
142: 141 143
143: 131 142