144 2

11 24 22 9 35 60 46 72 3 42 50 55 98 12 43 68 44 30 42 26 30 77 3 16 4 2 56 30 78 13 79 54 22 24 22 17 75 88 12 59 87 75 10 5 54 78 29 29 67 100 98 77 37 37 60 47 64 2 7 93 37 7 18 32 60 97 57 77 41 51 88 84 45 78 93 83 35 39 81 73 92 21 73 75 94 100 78 95 68 25 45 86 39 72 67 58 31 87 96 10 56 67 29 41 93 57 1 28 90 77 79 77 97 45 8 54 94 3 19 30 5 3 43 12 19 28 27 11 27 88 79 13 35 34 54 79 41 96 23 78 54 92 23 31
0: 1 12
1: 0
2: 14
3: 4 15
4: 3 5
5: 4 6 17
6: 5
7: 8
8: 7 9
9: 8 21
10: 22
11: 23
12: 0 13 24
13: 12
14: 2 26
15: 3 16
16: 15
17: 5 18 29
18: 17 19 30
19: 18
20: 21
21: 9 20 33
22: 10 23 34
23: 11 22
24: 12 25
25: 24 26 37
26: 14 25
27: 28 39
28: 27 29
29: 17 28 41
30: 18
31: 32 43
32: 31 33
33: 21 32 34 45
34: 22 33 46
35: 47
36: 37 48
37: 25 36 49
38: 39 50
39: 27 38 40
40: 39
41: 29
42: 54
43: 31 55
44: 56
45: 33
46: 34 58
47: 35 59
48: 36
49: 37 50
50: 38 49 51
51: 50 52
52: 51 53
53: 52 54
54: 42 53 55
55: 43 54 56
56: 44 55
57: 58 69
58: 46 57
59: 47 71
60: 61 72
61: 60 62
62: 61 74
63: 64
64: 63 65
65: 64 66 77
66: 65
67: 68
68: 67 69
69: 57 68 70 81
70: 69 71
71: 59 70 83
72: 60
73: 74 85
74: 62 73 86
75: 76 87
76: 75 77
77: 65 76 78
78: 77 90
79: 80
80: 79 81
81: 69 80 93
82: 94
83: 71
84: 96
85: 73 97
86: 74 87
87: 75 86 88
88: 87 89 100
89: 88
90: 78 102
91: 92
92: 91 93
93: 81 92 94
94: 82 93
95: 107
96: 84 97 108
97: 85 96 98
98: 97 99
99: 98
100: 88 101 112
101: 100
102: 90 103
103: 102 104
104: 103 105
105: 104 106
106: 105 107
107: 95 106 119
108: 96 109 120
109: 108 110
110: 109
111: 112
112: 100 111 124
113: 114 125
114: 113 115
115: 114 116 127
116: 115 128
117: 118 129
118: 117
119: 107 131
120: 108 121 132
121: 120 133
122: 134
123: 135
124: 112
125: 113 126
126: 125 138
127: 115
128: 116 140
129: 117 130 141
130: 129 142
131: 119 143
132: 120
133: 121 134
134: 122 133
135: 123 136
136: 135 137
137: 136 138
138: 126 137 139
139: 138
140: 128 141
141: 129 140
142: 130 143
143: 131 142