144 5

50 74 1 81 49 99 66 80 52 23 31 40 96 89 60 34 7 96 43 50 67 30 1 72 84 94 78 32 64 74 33 65 22 2 3 87 70 67 14 95 57 6 69 61 23 24 55 69 19 5 87 64 77 94 3 38 65 21 45 25 40 38 27 21 29 49 16 43 47 57 19 80 9 18 20 20 16 22 40 67 48 28 23 70 90 17 34 19 20 14 51 3 58 87 4 18 10 44 82 5 19 56 30 36 51 11 74 72 37 54 61 30 46 61 36 78 86 9 9 17 60 51 52 60 12 8 68 26 50 92 92 76 28 37 13 17 41 20 40 26 62 73 77 56
0: 12
1: 13
2: 3 14
3: 2 4
4: 3
5: 6
6: 5 7
7: 6 8 19
8: 7 9
9: 8 10 21
10: 9 11 22
11: 10 23
12: 0 13
13: 1 12 14
14: 2 13 15 26
15: 14 16 27
16: 15 28
17: 18
18: 17 19 30
19: 7 18
20: 21
21: 9 20 33
22: 10 34
23: 11 35
24: 25
25: 24 26
26: 14 25
27: 15 39
28: 16
29: 30 41
30: 18 29 31 42
31: 30 32 43
32: 31 44
33: 21
34: 22
35: 23 47
36: 37 48
37: 36 38
38: 37 39 50
39: 27 38 40
40: 39
41: 29
42: 30
43: 31 55
44: 32
45: 46
46: 45 58
47: 35
48: 36
49: 61
50: 38
51: 63
52: 53
53: 52 65
54: 66
55: 43 56
56: 55
57: 69
58: 46 59 70
59: 58 71
60: 72
61: 49 73
62: 74
63: 51 75
64: 76
65: 53 77
66: 54 67
67: 66 68 79
68: 67 69
69: 57 68 70
70: 58 69 82
71: 59 83
72: 60 73 84
73: 61 72 74
74: 62 73 75
75: 63 74 76 87
76: 64 75 77
77: 65 76
78: 79
79: 67 78
80: 81 92
81: 80 82 93
82: 70 81
83: 71 95
84: 72 96
85: 97
86: 87
87: 75 86
88: 89 100
89: 88 90
90: 89 102
91: 92 103
92: 80 91 104
93: 81 94 105
94: 93
95: 83
96: 84 97 108
97: 85 96 98
98: 97 110
99: 100
100: 88 99 101
101: 100
102: 90 114
103: 91 115
104: 92
105: 93 106 117
106: 105
107: 119
108: 96
109: 110
110: 98 109 111
111: 110
112: 113
113: 112 114 125
114: 102 113 126
115: 103 116
116: 115
117: 105
118: 119
119: 107 118 131
120: 121 132
121: 120 122
122: 121 123 134
123: 122
124: 125
125: 113 124 137
126: 114 138
127: 139
128: 129 140
129: 128 130 141
130: 129 131 142
131: 119 130
132: 120 133
133: 132
134: 122 135
135: 134 136
136: 135 137
137: 125 136
138: 126 139
139: 127 138 140
140: 128 139
141: 129
142: 130 143
143: 142