144 5

23 6 60 18 93 32 75 61 63 35 96 81 48 32 2 56 73 32 55 45 14 15 43 90 43 57 7 34 47 95 13 87 85 66 63 84 44 36 91 24 4 91 27 49 100 11 58 22 31 100 57 28 58 27 78 1 28 30 79 14 43 88 3 98 87 64 17 67 65 60 23 23 100 49 69 76 57 3 79 82 86 73 56 83 92 93 37 9 26 68 28 72 50 71 18 64 5 12 44 96 100 9 89 57 21 82 82 5 80 21 23 6 51 19 21 27 51 95 51 39 85 99 64 75 73 33 95 88 36 92 72 6 34 25 15 38 54 67 14 67 8 77 75 29
0: 12
1: 2 13
2: 1 3
3: 2
4: 16
5: 6 17
6: 5 18
7: 8 19
8: 7
9: 10
10: 9 22
11: 23
12: 0 13
13: 1 12 25
14: 15 26
15: 14
16: 4 17
17: 5 16
18: 6 19
19: 7 18 20 31
20: 19 21
21: 20 22
22: 10 21
23: 11 35
24: 36
25: 13 26
26: 14 25 38
27: 28 39
28: 27 40
29: 41
30: 31
31: 19 30 32
32: 31
33: 34
34: 33 35
35: 23 34 47
36: 24 48
37: 38 49
38: 26 37 50
39: 27 51
40: 28 41
41: 29 40 42 53
42: 41 43 54
43: 42
44: 45 56
45: 44
46: 47
47: 35 46 59
48: 36
49: 37 61
50: 38 62
51: 39 63
52: 53 64
53: 41 52
54: 42 55 66
55: 54 56
56: 44 55 68
57: 58 69
58: 57
59: 47 71
60: 61 72
61: 49 60
62: 50
63: 51
64: 52 65
65: 64 77
66: 54
67: 68
68: 56 67 80
69: 57 70 81
70: 69 71 82
71: 59 70
72: 60 73 84
73: 72
74: 86
75: 76
76: 75 77
77: 65 76 78
78: 77 79 90
79: 78 91
80: 68 92
81: 69 93
82: 70
83: 95
84: 72 85 96
85: 84 97
86: 74 87
87: 86 88 99
88: 87 89 100
89: 88 101
90: 78
91: 79 103
92: 80 104
93: 81 105
94: 95 106
95: 83 94 107
96: 84 108
97: 85 98
98: 97 99 110
99: 87 98 111
100: 88
101: 89 113
102: 103
103: 91 102
104: 92
105: 93 117
106: 94
107: 95 119
108: 96 109 120
109: 108
110: 98
111: 99
112: 113
113: 101 112 114
114: 113 126
115: 116
116: 115 117 128
117: 105 116 118
118: 117
119: 107 131
120: 108
121: 122 133
122: 121 123 134
123: 122 124
124: 123 125
125: 124 137
126: 114 127 138
127: 126 139
128: 116 140
129: 130
130: 129 142
131: 119 143
132: 133
133: 121 132
134: 122
135: 136
136: 135 137
137: 125 136 138
138: 126 137
139: 127 140
140: 128 139
141: 142
142: 130 141 143
143: 131 142