144 5

85 26 69 84 95 14 89 33 20 71 2 32 23 77 21 65 6 56 18 66 50 99 52 40 61 20 50 58 11 63 10 84 74 56 57 69 75 33 45 7 47 98 41 48 38 11 89 78 87 89 95 47 66 91 76 23 76 85 35 94 40 10 2 37 23 60 65 55 93 100 60 3 12 37 84 6 94 40 15 6 39 99 6 65 70 17 37 83 37 86 37 73 15 54 68 5 99 45 61 36 78 23 19 35 40 27 32 64 69 2 98 33 98 33 51 63 61 97 17 92 82 33 11 66 26 74 47 41 81 95 74 33 44 10 75 45 41 78 88 49 5 87 64 52
0: 12
1: 2 13
2: 1 3 14
3: 2 15
4: 16
5: 6
6: 5 7
7: 6 8 19
8: 7 9
9: 8
10: 11 22
11: 10
12: 0 13 24
13: 1 12
14: 2
15: 3 16
16: 4 15 17
17: 16 18
18: 17
19: 7 20 31
20: 19
21: 22
22: 10 21 23
23: 22 35
24: 12 25
25: 24 37
26: 38
27: 39
28: 29 40
29: 28 30 41
30: 29 31 42
31: 19 30 43
32: 33
33: 32 45
34: 46
35: 23 47
36: 48
37: 25 38
38: 26 37 39
39: 27 38 40
40: 28 39
41: 29 53
42: 30
43: 31 44 55
44: 43
45: 33 46
46: 34 45 47 58
47: 35 46
48: 36 49 60
49: 48
50: 51 62
51: 50 52 63
52: 51
53: 41 65
54: 66
55: 43
56: 57
57: 56 58 69
58: 46 57 70
59: 71
60: 48 61
61: 60 62 73
62: 50 61 74
63: 51 64
64: 63 76
65: 53 66 77
66: 54 65
67: 79
68: 69 80
69: 57 68
70: 58 71
71: 59 70
72: 84
73: 61
74: 62 75
75: 74 87
76: 64
77: 65 78
78: 77
79: 67 91
80: 68
81: 93
82: 83 94
83: 82 95
84: 72 96
85: 86
86: 85 87 98
87: 75 86
88: 100
89: 90 101
90: 89 102
91: 79 92
92: 91 93
93: 81 92 94 105
94: 82 93
95: 83
96: 84 97 108
97: 96 98
98: 86 97 99 110
99: 98
100: 88 101
101: 89 100 113
102: 90 103
103: 102 104
104: 103 105 116
105: 93 104
106: 118
107: 119
108: 96 109 120
109: 108 121
110: 98 111 122
111: 110 112 123
112: 111
113: 101 114 125
114: 113 115
115: 114
116: 104 117 128
117: 116 118
118: 106 117 119
119: 107 118 131
120: 108 132
121: 109
122: 110
123: 111 124
124: 123 136
125: 113 137
126: 127
127: 126 128
128: 116 127
129: 141
130: 142
131: 119
132: 120 133
133: 132 134
134: 133 135
135: 134
136: 124
137: 125
138: 139
139: 138 140
140: 139 141
141: 129 140 142
142: 130 141 143
143: 142