144 3

47 10 29 62 14 17 50 53 25 47 2 25 39 64 83 79 34 14 58 53 51 50 71 51 76 75 87 7 60 73 30 78 39 75 62 40 52 65 28 33 85 54 96 55 67 35 49 81 96 41 80 13 98 30 82 44 31 98 64 20 26 94 87 29 71 61 26 11 87 24 56 61 9 60 93 46 38 8 33 95 67 83 22 9 28 36 84 99 27 3 8 90 77 20 36 92 20 82 61 77 83 21 94 85 81 56 88 60 46 21 46 14 88 73 2 37 67 71 66 73 83 71 40 10 43 76 12 19 25 74 45 22 66 58 46 92 27 67 71 57 96 63 67 12
0: 1
1: 0 2 13
2: 1 3
3: 2 4 15
4: 3 16
5: 6
6: 5 7 18
7: 6 8
8: 7 9 20
9: 8 10 21
10: 9
11: 23
12: 13 24
13: 1 12 14
14: 13
15: 3
16: 4 17
17: 16
18: 6
19: 31
20: 8
21: 9 22
22: 21 23 34
23: 11 22 35
24: 12 25 36
25: 24 37
26: 27 38
27: 26 39
28: 29
29: 28 30
30: 29 42
31: 19 32
32: 31 44
33: 45
34: 22
35: 23 47
36: 24 48
37: 25
38: 26
39: 27 40
40: 39 41 52
41: 40 42
42: 30 41 43
43: 42 55
44: 32 56
45: 33 57
46: 47 58
47: 35 46 59
48: 36 60
49: 61
50: 51 62
51: 50
52: 40 64
53: 54
54: 53 55 66
55: 43 54 56
56: 44 55
57: 45 58
58: 46 57 70
59: 47
60: 48 61
61: 49 60 62 73
62: 50 61 63
63: 62
64: 52
65: 77
66: 54 67
67: 66 68
68: 67 69
69: 68 70
70: 58 69 71
71: 70 83
72: 73 84
73: 61 72
74: 86
75: 87
76: 88
77: 65 78 89
78: 77 79
79: 78
80: 81
81: 80 82 93
82: 81
83: 71 95
84: 72 85
85: 84 86
86: 74 85 98
87: 75 88 99
88: 76 87
89: 77 101
90: 91
91: 90 92 103
92: 91 93
93: 81 92 94
94: 93
95: 83 107
96: 97
97: 96 98 109
98: 86 97 110
99: 87 111
100: 101
101: 89 100 113
102: 114
103: 91 104 115
104: 103 105
105: 104
106: 107 118
107: 95 106
108: 120
109: 97
110: 98 122
111: 99 112
112: 111 113
113: 101 112 114
114: 102 113 126
115: 103 116
116: 115 128
117: 129
118: 106 119
119: 118 131
120: 108 121
121: 120 122
122: 110 121 123 134
123: 122 124
124: 123 136
125: 137
126: 114 138
127: 128 139
128: 116 127
129: 117 141
130: 142
131: 119 143
132: 133
133: 132 134
134: 122 133 135
135: 134
136: 124 137
137: 125 136
138: 126 139
139: 127 138 140
140: 139 141
141: 129 140
142: 130 143
143: 131 142