144 3

186 440 197 4 489 161 439 14 456 388 359 45 86 380 346 135 466 310 88 328 86 214 51 105 123 342 6 344 221 98 215 105 110 470 387 59 144 381 229 138 117 469 102 261 348 116 190 371 460 420 267 385 395 217 49 394 6 231 147 388 132 51 392 81 458 500 152 332 480 9 287 494 214 218 461 387 468 164 229 129 241 100 444 411 186 486 347 151 292 339 165 299 63 213 285 184 209 497 462 337 271 72 497 259 461 173 230 52 407 17 244 144 415 106 116 295 498 211 356 65 487 426 83 226 411 177 493 290 36 31 229 275 465 338 344 204 444 154 317 159 497 257 338 264
0: 1 12
1: 0 2 13
2: 1
3: 15
4: 5 16
5: 4 17
6: 7 18
7: 6 8 19
8: 7
9: 21
10: 11
11: 10 23
12: 0 24
13: 1
14: 15 26
15: 3 14 16
16: 4 15
17: 5 29
18: 6 30
19: 7
20: 32
21: 9 22 33
22: 21 23
23: 11 22
24: 12 36
25: 37
26: 14 38
27: 28 39
28: 27
29: 17 30
30: 18 29 31
31: 30 32
32: 20 31 33 44
33: 21 32 34
34: 33 35 46
35: 34
36: 24 48
37: 25 38 49
38: 26 37
39: 27 40 51
40: 39 41
41: 40 53
42: 43
43: 42 55
44: 32 45
45: 44 57
46: 34 47
47: 46
48: 36 60
49: 37
50: 51 62
51: 39 50 52
52: 51
53: 41 65
54: 55
55: 43 54 56 67
56: 55
57: 45 69
58: 59 70
59: 58 71
60: 48 61
61: 60 73
62: 50 74
63: 75
64: 65
65: 53 64 66
66: 65
67: 55 79
68: 69 80
69: 57 68 70
70: 58 69
71: 59 83
72: 73 84
73: 61 72 74
74: 62 73 75 86
75: 63 74
76: 77 88
77: 76 78
78: 77 79
79: 67 78 91
80: 68
81: 93
82: 83
83: 71 82 95
84: 72 96
85: 86
86: 74 85
87: 88 99
88: 76 87
89: 90
90: 89 102
91: 79 103
92: 93 104
93: 81 92
94: 95
95: 83 94 107
96: 84 97
97: 96
98: 99
99: 87 98 100 111
100: 99
101: 113
102: 90 103 114
103: 91 102 115
104: 92 116
105: 106 117
106: 105
107: 95 119
108: 120
109: 110
110: 109 111
111: 99 110 123
112: 124
113: 101 114 125
114: 102 113
115: 103 116
116: 104 115 117
117: 105 116 129
118: 130
119: 107 131
120: 108 132
121: 122 133
122: 121 134
123: 111 124
124: 112 123
125: 113 137
126: 138
127: 128
128: 127 140
129: 117
130: 118 131 142
131: 119 130 143
132: 120 133
133: 121 132
134: 122 135
135: 134 136
136: 135 137
137: 125 136 138
138: 126 137 139
139: 138
140: 128 141
141: 140 142
142: 130 141
143: 131