144 2

325 466 358 89 385 290 145 333 494 23 305 202 389 34 368 100 62 114 476 179 9 144 438 8 154 401 231 181 415 488 358 45 300 27 119 415 480 422 447 75 478 292 201 288 292 352 239 168 16 22 134 496 427 463 299 395 369 20 420 220 286 420 68 77 183 449 324 44 367 61 418 394 381 396 301 7 292 382 220 183 168 352 449 408 57 469 6 121 467 149 162 369 364 115 150 131 450 51 491 350 41 493 40 357 375 99 21 352 276 261 267 300 249 324 243 173 386 91 38 489 282 144 418 481 226 110 164 197 448 111 483 103 236 447 429 459 472 449 288 468 53 225 196 397
0: 12
1: 13
2: 3 14
3: 2
4: 5 16
5: 4 6
6: 5 7
7: 6 8 19
8: 7
9: 21
10: 11
11: 10 23
12: 0 13 24
13: 1 12
14: 2 26
15: 27
16: 4 17 28
17: 16 18
18: 17
19: 7 31
20: 21 32
21: 9 20 33
22: 23 34
23: 11 22
24: 12 25 36
25: 24 26
26: 14 25 27 38
27: 15 26 28 39
28: 16 27 29
29: 28
30: 31 42
31: 19 30
32: 20 44
33: 21 34
34: 22 33 35
35: 34 47
36: 24
37: 38 49
38: 26 37 50
39: 27 51
40: 41 52
41: 40
42: 30
43: 44
44: 32 43
45: 46 57
46: 45
47: 35 59
48: 60
49: 37 61
50: 38 62
51: 39 52 63
52: 40 51
53: 54
54: 53 66
55: 56 67
56: 55 57 68
57: 45 56 69
58: 70
59: 47 71
60: 48 61
61: 49 60
62: 50
63: 51 75
64: 76
65: 66 77
66: 54 65
67: 55 79
68: 56 80
69: 57
70: 58 71 82
71: 59 70
72: 73
73: 72 85
74: 75 86
75: 63 74 76
76: 64 75 77 88
77: 65 76 89
78: 79
79: 67 78
80: 68 81
81: 80 82
82: 70 81 83 94
83: 82
84: 85
85: 73 84 86 97
86: 74 85 87 98
87: 86 99
88: 76 100
89: 77 90 101
90: 89
91: 92 103
92: 91
93: 94
94: 82 93 106
95: 107
96: 97 108
97: 85 96
98: 86
99: 87
100: 88 112
101: 89
102: 103
103: 91 102 104 115
104: 103 116
105: 106 117
106: 94 105 118
107: 95 119
108: 96 109
109: 108
110: 122
111: 112
112: 100 111 113
113: 112
114: 126
115: 103
116: 104 128
117: 105 129
118: 106 119
119: 107 118
120: 121
121: 120 122 133
122: 110 121 123
123: 122 124 135
124: 123
125: 137
126: 114 127 138
127: 126 128 139
128: 116 127 129
129: 117 128 141
130: 131 142
131: 130 143
132: 133
133: 121 132
134: 135
135: 123 134 136
136: 135 137
137: 125 136 138
138: 126 137
139: 127 140
140: 139
141: 129 142
142: 130 141
143: 131