144 2

286 297 44 352 184 461 268 175 173 466 368 26 454 480 435 176 293 318 30 383 487 313 315 177 304 115 353 455 383 75 281 354 70 77 387 348 455 432 433 159 471 43 337 303 278 255 496 454 333 172 16 464 44 267 349 345 279 470 114 270 199 474 479 115 8 229 361 318 263 167 279 6 448 60 500 466 178 358 127 322 476 369 50 189 225 460 151 310 417 108 481 267 364 413 264 293 107 480 109 62 363 111 497 13 51 112 4 160 453 390 465 83 181 393 107 270 92 383 157 155 65 210 298 331 145 90 68 177 153 196 320 355 121 172 262 210 140 422 126 311 343 316 69 129
0: 1 12
1: 0 13
2: 3
3: 2 4 15
4: 3 5
5: 4
6: 7
7: 6 19
8: 9
9: 8 10
10: 9 11
11: 10 23
12: 0
13: 1 25
14: 15 26
15: 3 14 16 27
16: 15 17
17: 16 18 29
18: 17 19
19: 7 18
20: 21 32
21: 20 22 33
22: 21 23
23: 11 22 35
24: 25 36
25: 13 24 37
26: 14
27: 15 28
28: 27
29: 17 41
30: 31
31: 30 43
32: 20
33: 21 34 45
34: 33 46
35: 23
36: 24 48
37: 25 49
38: 39 50
39: 38
40: 41
41: 29 40 53
42: 43
43: 31 42 44 55
44: 43
45: 33 57
46: 34 58
47: 59
48: 36 60
49: 37 50
50: 38 49 51
51: 50 63
52: 53 64
53: 41 52 54
54: 53 55 66
55: 43 54 67
56: 57
57: 45 56
58: 46 59
59: 47 58 71
60: 48 61
61: 60
62: 63 74
63: 51 62
64: 52 65 76
65: 64 77
66: 54
67: 55
68: 80
69: 70
70: 69 71
71: 59 70 83
72: 73
73: 72 85
74: 62 75
75: 74 76
76: 64 75
77: 65 78
78: 77 79 90
79: 78 91
80: 68 81
81: 80 82 93
82: 81 83 94
83: 71 82
84: 85 96
85: 73 84 86 97
86: 85
87: 88 99
88: 87
89: 90 101
90: 78 89 102
91: 79 103
92: 104
93: 81 105
94: 82 95 106
95: 94
96: 84 108
97: 85
98: 99
99: 87 98 111
100: 101
101: 89 100 113
102: 90
103: 91 115
104: 92 105
105: 93 104
106: 94 107
107: 106 119
108: 96 109
109: 108 121
110: 111 122
111: 99 110
112: 113
113: 101 112 114
114: 113
115: 103
116: 128
117: 129
118: 119
119: 107 118 131
120: 121
121: 109 120 133
122: 110 123 134
123: 122 124 135
124: 123 125 136
125: 124 137
126: 127 138
127: 126 128 139
128: 116 127 129 140
129: 117 128 130
130: 129 131
131: 119 130 143
132: 133
133: 121 132 134
134: 122 133
135: 123
136: 124
137: 125 138
138: 126 137
139: 127
140: 128 141
141: 140 142
142: 141
143: 131