144 3

97 77 60 79 64 7 62 76 8 97 35 56 68 15 54 28 95 99 2 47 73 79 24 4 46 57 46 22 77 92 82 2 32 73 71 22 51 13 85 16 44 31 2 28 39 22 11 87 42 89 10 32 47 99 77 96 3 98 2 31 31 29 91 51 60 29 87 49 74 54 44 76 23 97 29 71 68 69 1 75 20 44 34 27 10 97 15 81 69 72 44 1 76 6 66 83 8 18 86 13 5 96 46 36 19 22 3 2 25 70 8 97 34 37 7 59 71 53 29 96 55 37 91 80 74 85 43 98 36 28 57 70 4 57 3 52 8 63 24 4 13 19 71 58
0: 1 12
1: 0 2
2: 1 14
3: 4
4: 3 5 16
5: 4 6 17
6: 5 18
7: 8 19
8: 7 9
9: 8 10
10: 9 11 22
11: 10
12: 0 13 24
13: 12
14: 2 15
15: 14 16
16: 4 15
17: 5 29
18: 6
19: 7 31
20: 21
21: 20 33
22: 10 34
23: 35
24: 12 25
25: 24 26 37
26: 25 27
27: 26
28: 29
29: 17 28
30: 31 42
31: 19 30 32
32: 31 33
33: 21 32
34: 22 35
35: 23 34
36: 37 48
37: 25 36 38 49
38: 37 50
39: 40 51
40: 39 41 52
41: 40 42 53
42: 30 41 43
43: 42 55
44: 45
45: 44 46 57
46: 45 47
47: 46
48: 36 60
49: 37
50: 38 62
51: 39 63
52: 40 64
53: 41 54
54: 53
55: 43 56
56: 55 57
57: 45 56 58
58: 57 70
59: 71
60: 48 61 72
61: 60
62: 50
63: 51
64: 52 65
65: 64 66
66: 65 67
67: 66 79
68: 69 80
69: 68
70: 58 71
71: 59 70 83
72: 60 73 84
73: 72
74: 86
75: 87
76: 77
77: 76 78 89
78: 77
79: 67 91
80: 68 92
81: 82 93
82: 81 94
83: 71 95
84: 72 85
85: 84
86: 74 87
87: 75 86 99
88: 89
89: 77 88 90
90: 89 91
91: 79 90 103
92: 80 93 104
93: 81 92
94: 82
95: 83 107
96: 97 108
97: 96 98
98: 97
99: 87 111
100: 112
101: 113
102: 114
103: 91
104: 92 116
105: 106
106: 105 107 118
107: 95 106
108: 96 109 120
109: 108 110
110: 109 111
111: 99 110 123
112: 100 124
113: 101 114
114: 102 113 126
115: 116 127
116: 104 115
117: 129
118: 106
119: 131
120: 108
121: 133
122: 123 134
123: 111 122 124 135
124: 112 123 125
125: 124 126 137
126: 114 125 127
127: 115 126 139
128: 140
129: 117 130
130: 129 131 142
131: 119 130
132: 133
133: 121 132 134
134: 122 133
135: 123 136
136: 135
137: 125
138: 139
139: 127 138 140
140: 128 139 141
141: 140 142
142: 130 141 143
143: 142