144 2

6 43 53 32 20 6 86 20 85 92 95 50 65 32 100 56 94 85 82 3 94 79 70 74 5 73 49 97 24 95 17 79 51 56 84 34 68 3 3 73 56 63 48 14 92 79 46 11 34 8 20 35 9 99 17 78 98 11 25 59 7 25 1 3 85 20 90 54 79 24 49 73 86 90 64 20 13 80 65 57 89 35 53 37 14 21 2 85 90 94 93 65 50 40 65 43 92 20 33 61 49 79 53 55 35 39 69 9 69 43 28 17 10 36 37 27 76 28 13 33 65 96 100 11 94 81 1 51 63 58 52 81 67 77 69 91 37 18 91 7 18 46 52 84
0: 1
1: 0 2
2: 1 3 14
3: 2
4: 16
5: 6
6: 5 7
7: 6 8 19
8: 7 9
9: 8 10 21
10: 9 11 22
11: 10
12: 13 24
13: 12 14 25
14: 2 13 15 26
15: 14 16
16: 4 15 17 28
17: 16
18: 19
19: 7 18 20
20: 19 32
21: 9
22: 10 34
23: 35
24: 12 36
25: 13
26: 14
27: 39
28: 16 29 40
29: 28 30 41
30: 29 31 42
31: 30
32: 20 44
33: 45
34: 22 46
35: 23 47
36: 24 37
37: 36 38 49
38: 37 39
39: 27 38 51
40: 28
41: 29
42: 30 43 54
43: 42 44 55
44: 32 43
45: 33 46
46: 34 45 47
47: 35 46 59
48: 60
49: 37 61
50: 62
51: 39
52: 53 64
53: 52
54: 42 66
55: 43
56: 68
57: 58
58: 57 59 70
59: 47 58
60: 48 61 72
61: 49 60 62
62: 50 61 63 74
63: 62 64 75
64: 52 63 76
65: 66
66: 54 65
67: 68
68: 56 67 80
69: 70
70: 58 69 71
71: 70
72: 60
73: 74 85
74: 62 73
75: 63
76: 64
77: 89
78: 79
79: 78 80
80: 68 79 81 92
81: 80 82
82: 81 83
83: 82
84: 96
85: 73
86: 87 98
87: 86 99
88: 100
89: 77 90 101
90: 89 91
91: 90 103
92: 80 93 104
93: 92 94
94: 93 106
95: 107
96: 84 97 108
97: 96 98 109
98: 86 97
99: 87 111
100: 88 101
101: 89 100 102 113
102: 101 114
103: 91 104
104: 92 103
105: 106 117
106: 94 105 107
107: 95 106 119
108: 96 120
109: 97
110: 122
111: 99 112
112: 111 113
113: 101 112 125
114: 102
115: 116 127
116: 115 117 128
117: 105 116
118: 119
119: 107 118
120: 108 132
121: 122
122: 110 121 123 134
123: 122 124
124: 123 136
125: 113 126
126: 125 138
127: 115 139
128: 116 140
129: 141
130: 131 142
131: 130
132: 120
133: 134
134: 122 133
135: 136
136: 124 135 137
137: 136 138
138: 126 137
139: 127
140: 128 141
141: 129 140 142
142: 130 141 143
143: 142