144 3

369 157 439 468 199 29 252 196 424 70 348 358 210 227 196 299 3 26 244 123 10 7 453 95 174 92 467 331 497 194 296 31 318 239 467 437 282 469 101 417 262 419 218 22 136 78 477 245 224 286 241 275 301 385 272 424 137 238 247 423 21 215 258 267 226 264 302 159 263 481 367 330 389 114 378 147 182 149 75 207 66 449 85 44 330 455 432 377 75 324 27 172 192 210 201 340 181 294 250 144 102 267 144 147 485 93 388 282 14 241 108 422 440 45 233 386 460 209 174 312 277 214 363 79 443 370 210 126 296 12 192 40 105 212 475 119 352 127 361 246 59 301 376 136
0: 12
1: 2 13
2: 1 3 14
3: 2
4: 5 16
5: 4 6
6: 5 7
7: 6 19
8: 9
9: 8 21
10: 11 22
11: 10 23
12: 0 13 24
13: 1 12
14: 2 15
15: 14 16
16: 4 15 17 28
17: 16 18 29
18: 17 30
19: 7 20
20: 19 21
21: 9 20
22: 10 34
23: 11 35
24: 12 25
25: 24 26
26: 25 38
27: 28 39
28: 16 27
29: 17
30: 18 31
31: 30 32
32: 31
33: 34 45
34: 22 33
35: 23 47
36: 37 48
37: 36 49
38: 26
39: 27 40 51
40: 39 52
41: 42
42: 41 43
43: 42 44 55
44: 43 45
45: 33 44
46: 47 58
47: 35 46 59
48: 36
49: 37 61
50: 51 62
51: 39 50
52: 40 53
53: 52 54
54: 53 66
55: 43 67
56: 68
57: 58 69
58: 46 57 70
59: 47
60: 61 72
61: 49 60
62: 50 63
63: 62 64 75
64: 63
65: 77
66: 54 78
67: 55
68: 56 69 80
69: 57 68 81
70: 58 82
71: 83
72: 60 73 84
73: 72
74: 86
75: 63 76 87
76: 75 77
77: 65 76
78: 66 90
79: 80
80: 68 79
81: 69
82: 70 83
83: 71 82 95
84: 72 85
85: 84 97
86: 74 98
87: 75
88: 89
89: 88 90
90: 78 89
91: 92
92: 91 93
93: 92 94 105
94: 93 95
95: 83 94
96: 97
97: 85 96 98
98: 86 97 99
99: 98 100 111
100: 99 101
101: 100 102
102: 101
103: 104 115
104: 103 116
105: 93 106 117
106: 105 107 118
107: 106
108: 109 120
109: 108 121
110: 122
111: 99 123
112: 113 124
113: 112 114
114: 113 126
115: 103 127
116: 104
117: 105
118: 106
119: 131
120: 108 132
121: 109 122
122: 110 121 123
123: 111 122 124 135
124: 112 123 136
125: 126
126: 114 125
127: 115 128 139
128: 127 129
129: 128 141
130: 131 142
131: 119 130
132: 120 133
133: 132 134
134: 133
135: 123
136: 124 137
137: 136 138
138: 137 139
139: 127 138
140: 141
141: 129 140 142
142: 130 141 143
143: 142