144 5

81 115 353 287 276 246 455 271 39 341 210 152 411 38 453 135 200 46 164 346 141 167 177 74 351 62 261 456 8 139 117 205 443 38 348 409 403 204 280 377 122 398 323 351 134 278 5 211 188 305 192 189 130 132 244 258 362 68 271 101 319 112 165 453 53 445 338 222 408 36 256 357 201 232 426 244 51 356 105 319 35 269 178 72 337 265 353 475 138 93 108 246 2 198 293 490 244 240 500 434 133 442 318 321 216 49 397 161 261 185 170 122 305 212 448 426 196 88 197 285 331 287 40 119 280 31 271 128 194 400 496 361 78 94 73 417 68 22 214 273 421 57 43 6
0: 1
1: 0 13
2: 14
3: 4 15
4: 3 5
5: 4
6: 7
7: 6 19
8: 20
9: 21
10: 11 22
11: 10 23
12: 13
13: 1 12 14
14: 2 13 15 26
15: 3 14 16 27
16: 15 17
17: 16
18: 19
19: 7 18 31
20: 8 21
21: 9 20 33
22: 10
23: 11 35
24: 25 36
25: 24 37
26: 14
27: 15 28
28: 27 29 40
29: 28 30
30: 29 42
31: 19 32
32: 31 44
33: 21 34 45
34: 33 35 46
35: 23 34
36: 24 48
37: 25 38 49
38: 37 39 50
39: 38 51
40: 28
41: 42
42: 30 41 43
43: 42 44
44: 32 43
45: 33
46: 34 58
47: 59
48: 36 60
49: 37 61
50: 38
51: 39
52: 64
53: 65
54: 55 66
55: 54 56 67
56: 55 57 68
57: 56
58: 46 70
59: 47 71
60: 48 72
61: 49
62: 63
63: 62 64
64: 52 63 65 76
65: 53 64
66: 54
67: 55 79
68: 56 80
69: 70 81
70: 58 69 71
71: 59 70
72: 60 73 84
73: 72 85
74: 75
75: 74 87
76: 64 77 88
77: 76 78
78: 77
79: 67
80: 68 92
81: 69
82: 83 94
83: 82 95
84: 72
85: 73 86 97
86: 85 87 98
87: 75 86 99
88: 76 89
89: 88 90 101
90: 89 102
91: 103
92: 80 104
93: 94
94: 82 93
95: 83 107
96: 108
97: 85
98: 86
99: 87
100: 101
101: 89 100
102: 90 114
103: 91 104
104: 92 103 116
105: 117
106: 107 118
107: 95 106
108: 96 120
109: 110
110: 109 111 122
111: 110 112
112: 111 113 124
113: 112 114
114: 102 113 115
115: 114 127
116: 104 128
117: 105 129
118: 106 130
119: 131
120: 108 121
121: 120 122 133
122: 110 121 134
123: 124 135
124: 112 123 125
125: 124 126
126: 125 138
127: 115
128: 116 140
129: 117 130 141
130: 118 129 131
131: 119 130
132: 133
133: 121 132
134: 122
135: 123 136
136: 135 137
137: 136
138: 126
139: 140
140: 128 139 141
141: 129 140 142
142: 141 143
143: 142