121 3

67 447 371 316 491 137 235 53 245 208 404 152 49 346 258 284 458 333 300 391 177 367 482 120 383 221 24 23 440 446 170 106 311 237 240 397 10 405 266 419 359 334 41 75 313 425 416 286 362 167 263 349 261 160 465 282 144 67 302 151 415 93 452 182 25 442 199 221 110 391 343 198 88 102 128 372 67 261 251 195 189 301 176 491 51 217 379 230 16 346 468 402 34 388 495 304 434 57 43 392 466 389 414 428 486 225 68 442 450 44 335 185 212 93 109 282 269 274 229 185 27
0: 11
1: 12
2: 13
3: 14
4: 5 15
5: 4 6 16
6: 5
7: 18
8: 19
9: 10
10: 9 21
11: 0 12
12: 1 11 23
13: 2 14 24
14: 3 13 25
15: 4
16: 5 17 27
17: 16
18: 7 29
19: 8 20 30
20: 19 21
21: 10 20
22: 33
23: 12 24 34
24: 13 23
25: 14 26
26: 25 27 37
27: 16 26 28
28: 27 39
29: 18 30 40
30: 19 29 31
31: 30 32 42
32: 31 43
33: 22 34 44
34: 23 33 35
35: 34
36: 37
37: 26 36 48
38: 49
39: 28 50
40: 29
41: 42
42: 31 41 53
43: 32
44: 33 55
45: 46 56
46: 45
47: 48
48: 37 47
49: 38 50
50: 39 49 61
51: 52 62
52: 51 53 63
53: 42 52 64
54: 65
55: 44
56: 45 67
57: 58 68
58: 57 59 69
59: 58 70
60: 71
61: 50 72
62: 51
63: 52 74
64: 53
65: 54 76
66: 77
67: 56 68
68: 57 67 79
69: 58
70: 59 81
71: 60 72 82
72: 61 71
73: 74
74: 63 73 75 85
75: 74 86
76: 65 87
77: 66 78 88
78: 77 79
79: 68 78 80
80: 79
81: 70
82: 71 83
83: 82 84
84: 83
85: 74 96
86: 75 87
87: 76 86
88: 77 89
89: 88 90
90: 89 91 101
91: 90 92 102
92: 91 93
93: 92 94 104
94: 93 95 105
95: 94
96: 85 97 107
97: 96 98 108
98: 97
99: 100 110
100: 99 101
101: 90 100
102: 91 103 113
103: 102
104: 93 115
105: 94 116
106: 107
107: 96 106 118
108: 97
109: 120
110: 99 111
111: 110 112
112: 111
113: 102 114
114: 113
115: 104
116: 105 117
117: 116
118: 107 119
119: 118 120
120: 109 119