121 3

416 424 88 171 158 291 261 16 250 125 41 231 466 264 449 50 331 463 72 460 149 473 385 106 393 405 326 319 489 32 158 366 293 345 418 14 168 187 129 194 385 420 444 393 169 379 13 369 400 296 408 156 124 182 154 323 286 148 479 176 60 156 81 357 249 176 111 407 483 430 96 275 150 292 166 317 9 85 242 329 237 296 425 118 271 168 247 410 108 366 165 336 204 218 135 467 192 11 443 482 138 372 198 128 360 142 45 336 1 287 142 257 454 357 232 246 429 151 121 80 237
0: 1 11
1: 0 2
2: 1 3
3: 2 4 14
4: 3
5: 6
6: 5 17
7: 8 18
8: 7 9 19
9: 8 10
10: 9
11: 0
12: 13 23
13: 12 14
14: 3 13 15
15: 14 16 26
16: 15
17: 6 18
18: 7 17
19: 8 20
20: 19 21 31
21: 20
22: 23
23: 12 22 34
24: 35
25: 26 36
26: 15 25 27
27: 26
28: 29
29: 28 30
30: 29 31 41
31: 20 30 32
32: 31 43
33: 44
34: 23
35: 24 36
36: 25 35 37 47
37: 36 38 48
38: 37 39
39: 38 40 50
40: 39
41: 30 52
42: 43 53
43: 32 42
44: 33 45 55
45: 44 46
46: 45 57
47: 36
48: 37
49: 50
50: 39 49 51
51: 50 62
52: 41 63
53: 42 54
54: 53
55: 44
56: 57 67
57: 46 56
58: 59 69
59: 58 70
60: 61 71
61: 60 72
62: 51 73
63: 52 64
64: 63 65 75
65: 64 76
66: 77
67: 56 68 78
68: 67 79
69: 58
70: 59 81
71: 60 82
72: 61 73 83
73: 62 72
74: 75 85
75: 64 74
76: 65
77: 66 78 88
78: 67 77
79: 68 80
80: 79 81 91
81: 70 80
82: 71 93
83: 72
84: 85
85: 74 84 86
86: 85 87 97
87: 86 98
88: 77 99
89: 90
90: 89 91 101
91: 80 90 92
92: 91
93: 82 94
94: 93 95 105
95: 94 106
96: 97
97: 86 96 108
98: 87
99: 88 110
100: 101
101: 90 100
102: 103 113
103: 102 104
104: 103
105: 94
106: 95 117
107: 108
108: 97 107 109 119
109: 108 120
110: 99 111
111: 110 112
112: 111 113
113: 102 112
114: 115
115: 114 116
116: 115 117
117: 106 116
118: 119
119: 108 118
120: 109