121 2

62 29 31 100 26 63 87 37 11 74 17 65 41 69 15 88 73 55 84 55 69 12 29 91 62 3 51 1 45 54 43 12 64 31 18 37 5 27 67 13 78 2 66 87 98 38 98 3 43 62 29 45 6 81 79 73 2 99 94 55 69 34 22 42 9 29 68 48 36 55 95 15 42 95 80 88 100 35 94 7 96 11 4 90 25 21 97 20 94 69 81 59 47 23 75 33 91 32 17 8 85 67 80 76 17 89 2 93 73 93 72 98 95 40 35 87 15 92 90 79 81
0: 11
1: 12
2: 3 13
3: 2
4: 5
5: 4 6
6: 5 7
7: 6 18
8: 9
9: 8 20
10: 21
11: 0 12
12: 1 11 13
13: 2 12 14
14: 13 15 25
15: 14
16: 17 27
17: 16
18: 7 29
19: 30
20: 9 21 31
21: 10 20
22: 23 33
23: 22 34
24: 35
25: 14 26 36
26: 25 37
27: 16 28
28: 27 29
29: 18 28 40
30: 19 31 41
31: 20 30
32: 43
33: 22 44
34: 23 35
35: 24 34 36
36: 25 35 47
37: 26 48
38: 39 49
39: 38 40
40: 29 39 41 51
41: 30 40 42 52
42: 41
43: 32 54
44: 33 55
45: 56
46: 47 57
47: 36 46
48: 37
49: 38
50: 51
51: 40 50 62
52: 41 53 63
53: 52 54
54: 43 53
55: 44
56: 45 57 67
57: 46 56 58
58: 57 59 69
59: 58 60
60: 59
61: 62 72
62: 51 61
63: 52 64
64: 63 75
65: 76
66: 67
67: 56 66 78
68: 69
69: 58 68 70 80
70: 69 81
71: 72 82
72: 61 71 73
73: 72
74: 75
75: 64 74 86
76: 65 87
77: 88
78: 67 89
79: 80
80: 69 79
81: 70
82: 71 83
83: 82 94
84: 95
85: 86 96
86: 75 85
87: 76 98
88: 77 89 99
89: 78 88
90: 91 101
91: 90
92: 103
93: 104
94: 83 105
95: 84 96
96: 85 95
97: 98 108
98: 87 97
99: 88 110
100: 101 111
101: 90 100 102 112
102: 101 113
103: 92 104
104: 93 103 115
105: 94 106
106: 105 107 117
107: 106 108
108: 97 107 109 119
109: 108
110: 99 111
111: 100 110
112: 101
113: 102 114
114: 113 115
115: 104 114
116: 117
117: 106 116
118: 119
119: 108 118 120
120: 119