121 2

405 140 297 24 165 315 121 153 174 413 373 109 199 282 295 499 248 254 270 204 5 264 48 137 491 386 130 267 285 406 243 78 155 144 425 195 334 95 316 457 122 159 229 141 15 411 302 390 337 390 14 88 43 379 344 194 45 276 216 1 494 123 418 425 318 7 134 170 81 460 26 100 483 449 217 421 424 338 65 37 222 170 484 383 168 137 11 401 15 416 141 247 97 209 410 206 128 347 385 313 58 398 74 465 336 287 320 369 262 310 244 478 114 129 414 141 335 158 263 85 462
0: 1 11
1: 0 2
2: 1 3
3: 2 4
4: 3 15
5: 6 16
6: 5 7
7: 6 8
8: 7 19
9: 10 20
10: 9
11: 0 12
12: 11
13: 24
14: 25
15: 4 16
16: 5 15 17
17: 16 28
18: 19
19: 8 18
20: 9 31
21: 32
22: 23
23: 22 34
24: 13 25
25: 14 24 26
26: 25 27
27: 26 38
28: 17 29
29: 28 30 40
30: 29 31
31: 20 30 32 42
32: 21 31
33: 44
34: 23 45
35: 36
36: 35 37
37: 36 38
38: 27 37 49
39: 50
40: 29 51
41: 52
42: 31 43
43: 42 54
44: 33 45 55
45: 34 44
46: 47 57
47: 46 58
48: 59
49: 38 60
50: 39 51
51: 40 50 52 62
52: 41 51 53 63
53: 52
54: 43 65
55: 44 56
56: 55 67
57: 46 68
58: 47
59: 48 70
60: 49 61
61: 60 72
62: 51 73
63: 52 74
64: 75
65: 54
66: 77
67: 56 68
68: 57 67 69 79
69: 68 70
70: 59 69 71
71: 70 82
72: 61 73
73: 62 72 84
74: 63
75: 64 86
76: 87
77: 66 88
78: 89
79: 68 80 90
80: 79 81
81: 80
82: 71 93
83: 84 94
84: 73 83
85: 86 96
86: 75 85
87: 76 98
88: 77 89 99
89: 78 88 90
90: 79 89 91
91: 90 92
92: 91 103
93: 82
94: 83 105
95: 106
96: 85 97 107
97: 96 98 108
98: 87 97 109
99: 88 100
100: 99 101 111
101: 100 102 112
102: 101
103: 92 104 114
104: 103 115
105: 94
106: 95 117
107: 96 118
108: 97 119
109: 98 120
110: 111
111: 100 110
112: 101
113: 114
114: 103 113
115: 104 116
116: 115 117
117: 106 116 118
118: 107 117
119: 108
120: 109