121 3

61 2 85 13 12 31 85 7 6 77 24 6 97 39 66 37 85 32 27 84 9 2 72 68 74 87 19 98 67 47 19 55 30 75 47 80 60 48 9 20 49 29 1 2 17 36 63 24 35 68 78 22 14 58 23 29 81 12 86 42 78 89 8 55 60 27 12 27 77 43 81 69 91 32 56 50 5 53 40 65 94 76 9 40 8 27 33 78 68 4 94 33 87 27 45 41 43 11 97 71 61 31 24 15 68 32 46 13 97 83 5 66 6 80 27 29 62 10 48 76 56
0: 1 11
1: 0 2 12
2: 1 13
3: 14
4: 5 15
5: 4
6: 17
7: 18
8: 9 19
9: 8 10 20
10: 9 21
11: 0
12: 1
13: 2 24
14: 3 15
15: 4 14 16
16: 15 17 27
17: 6 16 18
18: 7 17 29
19: 8 30
20: 9
21: 10
22: 23 33
23: 22
24: 13 35
25: 36
26: 27 37
27: 16 26 28 38
28: 27
29: 18
30: 19 31
31: 30 32 42
32: 31 43
33: 22 34 44
34: 33 45
35: 24 46
36: 25 37 47
37: 26 36 48
38: 27 39 49
39: 38 40
40: 39
41: 42 52
42: 31 41 53
43: 32
44: 33 55
45: 34
46: 35 47
47: 36 46
48: 37
49: 38
50: 51 61
51: 50
52: 41 63
53: 42
54: 65
55: 44 56 66
56: 55 57 67
57: 56 58
58: 57 59
59: 58 60 70
60: 59
61: 50 62 72
62: 61 73
63: 52 64
64: 63 65
65: 54 64 76
66: 55 77
67: 56 68 78
68: 67 69 79
69: 68 80
70: 59 71 81
71: 70 82
72: 61
73: 62 74
74: 73 75 85
75: 74 76 86
76: 65 75 87
77: 66
78: 67 89
79: 68
80: 69 91
81: 70
82: 71
83: 94
84: 85 95
85: 74 84 96
86: 75
87: 76
88: 89
89: 78 88 90 100
90: 89 101
91: 80 92
92: 91 93
93: 92 94
94: 83 93
95: 84 106
96: 85
97: 108
98: 109
99: 100 110
100: 89 99
101: 90
102: 113
103: 104
104: 103 105 115
105: 104 106
106: 95 105 107
107: 106 108
108: 97 107 109 119
109: 98 108 120
110: 99
111: 112
112: 111 113
113: 102 112 114
114: 113 115
115: 104 114
116: 117
117: 116 118
118: 117 119
119: 108 118
120: 109