121 2

13 240 415 147 209 127 42 485 411 13 342 404 179 336 431 411 57 473 106 487 106 441 143 20 218 114 358 263 292 321 259 366 189 266 41 310 378 39 338 244 137 304 361 442 304 79 194 86 431 273 309 443 291 57 457 92 160 433 245 240 154 395 109 218 241 368 331 129 485 467 180 150 202 500 168 29 57 93 175 57 451 437 38 6 96 222 432 137 259 415 308 85 409 116 306 232 81 405 106 249 195 334 139 500 307 475 120 279 487 141 103 171 126 69 120 399 283 108 472 342 262
0: 1 11
1: 0
2: 3 13
3: 2 4
4: 3 5
5: 4 16
6: 7 17
7: 6
8: 19
9: 20
10: 21
11: 0 22
12: 23
13: 2 24
14: 15
15: 14 26
16: 5 17 27
17: 6 16
18: 19 29
19: 8 18 20
20: 9 19 31
21: 10 32
22: 11 23
23: 12 22 24
24: 13 23 25
25: 24 36
26: 15 37
27: 16
28: 29
29: 18 28 40
30: 41
31: 20 32
32: 21 31 43
33: 34 44
34: 33 35 45
35: 34 36
36: 25 35 37 47
37: 26 36
38: 49
39: 50
40: 29
41: 30 42
42: 41 43 53
43: 32 42
44: 33
45: 34 46 56
46: 45
47: 36 48
48: 47
49: 38 50 60
50: 39 49 61
51: 62
52: 53
53: 42 52 54 64
54: 53 65
55: 66
56: 45 57 67
57: 56
58: 59 69
59: 58 60
60: 49 59
61: 50 62
62: 51 61 63
63: 62 64 74
64: 53 63 75
65: 54 76
66: 55 67 77
67: 56 66
68: 79
69: 58 80
70: 71 81
71: 70 82
72: 73
73: 72 74 84
74: 63 73
75: 64 86
76: 65
77: 66 78 88
78: 77
79: 68 80 90
80: 69 79
81: 70 92
82: 71 83
83: 82 84 94
84: 73 83 95
85: 86 96
86: 75 85 87 97
87: 86
88: 77 89
89: 88 100
90: 79
91: 102
92: 81
93: 104
94: 83
95: 84
96: 85
97: 86 98
98: 97 109
99: 100
100: 89 99 101
101: 100 102
102: 91 101 103 113
103: 102
104: 93 105
105: 104 116
106: 107 117
107: 106 118
108: 119
109: 98
110: 111
111: 110 112
112: 111 113
113: 102 112 114
114: 113 115
115: 114 116
116: 105 115 117
117: 106 116
118: 107 119
119: 108 118 120
120: 119