121 5

255 489 44 364 145 51 74 460 90 107 312 411 330 384 120 98 348 484 411 493 486 88 426 453 217 187 219 176 312 99 478 411 476 440 259 487 152 256 472 4 177 93 182 180 477 14 410 354 121 332 266 64 404 27 206 471 466 454 244 189 335 381 131 259 131 265 349 184 118 281 381 201 50 302 191 163 405 233 69 480 46 345 221 335 213 267 467 23 216 58 466 221 436 287 295 146 289 203 25 406 148 434 391 125 216 294 421 277 240 93 455 133 359 313 405 111 48 392 391 352 376
0: 1
1: 0 2
2: 1 13
3: 14
4: 5
5: 4 6
6: 5 17
7: 8 18
8: 7 19
9: 10 20
10: 9 21
11: 12
12: 11 13
13: 2 12 14
14: 3 13 15
15: 14 16
16: 15 17 27
17: 6 16 28
18: 7
19: 8 20 30
20: 9 19
21: 10 32
22: 33
23: 24 34
24: 23
25: 26 36
26: 25
27: 16 38
28: 17
29: 40
30: 19
31: 42
32: 21 43
33: 22 44
34: 23 45
35: 36
36: 25 35 37
37: 36 38
38: 27 37
39: 40 50
40: 29 39 51
41: 52
42: 31 43 53
43: 32 42
44: 33 55
45: 34 46 56
46: 45 47 57
47: 46
48: 49 59
49: 48 50 60
50: 39 49
51: 40 52
52: 41 51 63
53: 42 54 64
54: 53
55: 44 66
56: 45 67
57: 46
58: 69
59: 48
60: 49 71
61: 72
62: 63
63: 52 62
64: 53 65 75
65: 64
66: 55 67
67: 56 66 78
68: 69 79
69: 58 68
70: 71 81
71: 60 70 82
72: 61 73
73: 72 84
74: 75
75: 64 74
76: 87
77: 88
78: 67 89
79: 68 80
80: 79 81
81: 70 80 92
82: 71
83: 94
84: 73 85
85: 84 86 96
86: 85
87: 76 98
88: 77 99
89: 78 90
90: 89 101
91: 92
92: 81 91 103
93: 94
94: 83 93 95 105
95: 94 96
96: 85 95 97
97: 96 98
98: 87 97
99: 88 100 110
100: 99 101
101: 90 100
102: 113
103: 92 114
104: 115
105: 94 106 116
106: 105
107: 108 118
108: 107 109 119
109: 108
110: 99 111
111: 110
112: 113
113: 102 112 114
114: 103 113
115: 104 116
116: 105 115 117
117: 116 118
118: 107 117
119: 108 120
120: 119