121 5

52 170 427 91 486 436 21 269 476 95 407 387 360 435 349 447 139 469 459 52 334 346 333 246 26 39 195 309 483 178 292 116 205 450 174 82 126 352 125 343 68 372 499 399 343 138 211 68 362 372 466 54 444 4 322 248 53 333 172 205 23 486 220 477 72 17 234 444 52 212 367 134 114 371 251 361 252 479 214 367 451 224 460 246 80 403 418 328 403 257 21 395 21 400 413 16 21 186 289 36 184 136 46 362 396 185 52 448 402 203 21 238 335 1 92 360 41 165 239 484 110
0: 1 11
1: 0
2: 3
3: 2 4
4: 3 5
5: 4 6 16
6: 5
7: 8 18
8: 7 9
9: 8 20
10: 21
11: 0 22
12: 23
13: 14
14: 13 15
15: 14 16 26
16: 5 15 17
17: 16 28
18: 7 29
19: 20 30
20: 9 19 21
21: 10 20
22: 11 33
23: 12 24 34
24: 23
25: 26 36
26: 15 25
27: 28 38
28: 17 27
29: 18 40
30: 19 31
31: 30 32
32: 31 43
33: 22 44
34: 23 45
35: 46
36: 25
37: 38
38: 27 37 39 49
39: 38
40: 29 41
41: 40 42 52
42: 41
43: 32 54
44: 33 45 55
45: 34 44 46 56
46: 35 45
47: 48 58
48: 47
49: 38 50 60
50: 49
51: 62
52: 41 63
53: 54
54: 43 53 65
55: 44
56: 45 57 67
57: 56
58: 47 59
59: 58 60
60: 49 59 61
61: 60
62: 51 63
63: 52 62 74
64: 75
65: 54
66: 67 77
67: 56 66
68: 69
69: 68 70 80
70: 69 71
71: 70
72: 83
73: 74
74: 63 73
75: 64 76
76: 75 87
77: 66 78 88
78: 77 79 89
79: 78 80
80: 69 79
81: 82
82: 81 83
83: 72 82 84
84: 83 85 95
85: 84 86 96
86: 85
87: 76 98
88: 77 99
89: 78 100
90: 101
91: 92
92: 91 93
93: 92 94
94: 93 95 105
95: 84 94 106
96: 85 97
97: 96 98
98: 87 97
99: 88
100: 89 101
101: 90 100 102
102: 101
103: 104
104: 103 105 115
105: 94 104
106: 95
107: 108
108: 107 109
109: 108 120
110: 111
111: 110 112
112: 111 113
113: 112 114
114: 113 115
115: 104 114 116
116: 115
117: 118
118: 117 119
119: 118 120
120: 109 119