121 3

139 186 84 229 180 372 407 459 190 217 362 289 250 295 346 236 485 404 394 357 230 372 366 65 391 87 376 186 376 352 397 307 442 348 388 445 57 384 223 115 436 299 31 222 38 464 336 390 473 214 39 370 458 385 294 108 279 426 414 61 107 216 131 91 179 92 381 21 453 421 339 118 455 441 20 417 342 439 353 110 123 32 499 95 61 126 286 366 327 34 252 119 132 48 397 49 69 282 17 143 278 370 231 378 35 260 423 362 498 458 352 212 473 455 351 341 23 348 437 357 18
0: 1
1: 0 2
2: 1 3 13
3: 2 4
4: 3 15
5: 6 16
6: 5 7 17
7: 6 18
8: 19
9: 10
10: 9 21
11: 22
12: 13
13: 2 12 14 24
14: 13
15: 4 16 26
16: 5 15
17: 6 28
18: 7 29
19: 8 20 30
20: 19 31
21: 10 32
22: 11 23 33
23: 22 24
24: 13 23
25: 26
26: 15 25 27
27: 26
28: 17 39
29: 18
30: 19 41
31: 20 32
32: 21 31 43
33: 22 34
34: 33 35
35: 34 36 46
36: 35
37: 38
38: 37 39 49
39: 28 38
40: 41
41: 30 40 42
42: 41 53
43: 32
44: 45 55
45: 44 46
46: 35 45 47
47: 46 48
48: 47 59
49: 38 50
50: 49
51: 62
52: 53 63
53: 42 52 64
54: 65
55: 44 66
56: 57 67
57: 56
58: 59 69
59: 48 58 60
60: 59 71
61: 62 72
62: 51 61 63
63: 52 62
64: 53
65: 54 76
66: 55 67 77
67: 56 66
68: 69
69: 58 68 70
70: 69 81
71: 60
72: 61 73 83
73: 72 74
74: 73 75 85
75: 74 76
76: 65 75
77: 66 88
78: 79
79: 78 80
80: 79 81
81: 70 80 82
82: 81 83
83: 72 82 84 94
84: 83
85: 74 96
86: 87
87: 86 98
88: 77
89: 90 100
90: 89 91
91: 90 92
92: 91 93 103
93: 92 94
94: 83 93 105
95: 106
96: 85
97: 98 108
98: 87 97
99: 100
100: 89 99 101 111
101: 100 112
102: 103 113
103: 92 102 104 114
104: 103
105: 94 116
106: 95 107 117
107: 106 108 118
108: 97 107 109 119
109: 108 120
110: 111
111: 100 110
112: 101
113: 102
114: 103 115
115: 114
116: 105 117
117: 106 116
118: 107
119: 108
120: 109