121 2

48 74 66 6 82 30 40 11 18 14 84 75 49 59 77 76 14 29 100 76 2 29 23 92 70 40 97 89 59 40 88 94 36 47 66 9 24 42 72 46 90 81 31 66 13 59 2 49 27 7 95 92 2 26 24 52 95 42 62 39 69 32 44 88 52 57 42 44 98 30 93 97 88 5 58 10 39 10 71 92 40 43 16 60 28 31 32 4 46 14 82 61 88 76 96 67 7 94 44 93 11 84 98 26 28 5 95 11 44 56 38 85 64 30 15 82 28 16 30 54 38
0: 1 11
1: 0 2 12
2: 1 13
3: 14
4: 5 15
5: 4 16
6: 7 17
7: 6 8 18
8: 7 9
9: 8
10: 21
11: 0 22
12: 1 23
13: 2 14
14: 3 13 15 25
15: 4 14 26
16: 5 17 27
17: 6 16
18: 7 19
19: 18
20: 31
21: 10 32
22: 11
23: 12 34
24: 25
25: 14 24 36
26: 15 37
27: 16 38
28: 29 39
29: 28 30
30: 29 31
31: 20 30 32
32: 21 31 43
33: 34 44
34: 23 33 45
35: 46
36: 25 47
37: 26
38: 27
39: 28 40 50
40: 39 51
41: 42 52
42: 41 53
43: 32
44: 33
45: 34
46: 35 47 57
47: 36 46 48 58
48: 47 59
49: 50 60
50: 39 49 61
51: 40 52
52: 41 51 63
53: 42 54 64
54: 53
55: 56
56: 55 57 67
57: 46 56
58: 47 69
59: 48
60: 49 71
61: 50
62: 63 73
63: 52 62 74
64: 53
65: 76
66: 67
67: 56 66 78
68: 79
69: 58
70: 71
71: 60 70
72: 83
73: 62 84
74: 63
75: 76
76: 65 75 87
77: 78 88
78: 67 77 79
79: 68 78 90
80: 81 91
81: 80 82
82: 81 93
83: 72 94
84: 73 85
85: 84 86 96
86: 85 87
87: 76 86
88: 77 99
89: 90
90: 79 89 101
91: 80
92: 93 103
93: 82 92 94
94: 83 93 95 105
95: 94
96: 85 107
97: 98
98: 97 109
99: 88 110
100: 111
101: 90 102
102: 101 113
103: 92 104 114
104: 103 115
105: 94 106
106: 105 107
107: 96 106 108
108: 107 109
109: 98 108 120
110: 99 111
111: 100 110 112
112: 111
113: 102
114: 103
115: 104
116: 117
117: 116 118
118: 117 119
119: 118 120
120: 109 119