121 2

40 63 100 23 26 72 3 52 84 25 43 42 8 74 2 14 50 52 26 92 51 49 52 51 90 58 72 76 7 5 47 81 8 75 5 5 51 8 72 12 4 21 81 38 33 29 98 20 50 54 24 61 52 3 60 40 3 100 15 95 91 8 8 80 59 65 62 47 57 49 84 19 69 81 18 20 51 32 98 85 97 35 16 41 70 75 93 58 55 52 72 11 45 62 3 87 79 19 77 75 9 60 43 36 44 2 77 43 34 58 83 92 78 39 94 86 83 64 94 25 6
0: 11
1: 12
2: 3 13
3: 2 14
4: 5 15
5: 4
6: 17
7: 8 18
8: 7 9 19
9: 8 10
10: 9
11: 0 12 22
12: 1 11 13
13: 2 12
14: 3 15 25
15: 4 14
16: 17
17: 6 16 18 28
18: 7 17 29
19: 8 20
20: 19
21: 32
22: 11
23: 34
24: 25
25: 14 24 26
26: 25 37
27: 28
28: 17 27
29: 18 30
30: 29 31
31: 30 42
32: 21 43
33: 44
34: 23 35 45
35: 34 36 46
36: 35
37: 26 38
38: 37 39 49
39: 38 40 50
40: 39 41 51
41: 40 42
42: 31 41 53
43: 32 54
44: 33 55
45: 34 56
46: 35 47 57
47: 46
48: 59
49: 38
50: 39 61
51: 40 62
52: 63
53: 42 54 64
54: 43 53
55: 44 56 66
56: 45 55 67
57: 46
58: 59 69
59: 48 58 60 70
60: 59
61: 50
62: 51
63: 52 64 74
64: 53 63 65 75
65: 64
66: 55 77
67: 56 78
68: 79
69: 58
70: 59 81
71: 72
72: 71 73 83
73: 72 74
74: 63 73
75: 64 76
76: 75
77: 66
78: 67 79
79: 68 78 80 90
80: 79
81: 70 82
82: 81 83
83: 72 82
84: 85 95
85: 84
86: 87 97
87: 86 98
88: 89
89: 88 90 100
90: 79 89 91
91: 90 102
92: 93 103
93: 92 94 104
94: 93 105
95: 84 96 106
96: 95 97
97: 86 96
98: 87 109
99: 100
100: 89 99 111
101: 112
102: 91 103
103: 92 102
104: 93 115
105: 94 106
106: 95 105
107: 118
108: 109
109: 98 108 120
110: 111
111: 100 110 112
112: 101 111
113: 114
114: 113 115
115: 104 114 116
116: 115 117
117: 116
118: 107 119
119: 118 120
120: 109 119