121 2

459 68 231 413 424 357 83 373 60 189 404 450 166 286 464 78 41 338 119 409 412 237 495 374 255 6 76 299 430 338 104 490 74 468 225 97 308 233 54 166 332 32 394 363 90 430 443 124 46 395 215 399 336 269 112 444 80 302 422 379 104 485 407 391 144 351 428 200 467 332 27 453 187 108 35 87 60 47 336 27 90 381 431 483 327 198 466 301 405 297 232 196 151 316 105 263 219 339 39 311 36 108 488 150 66 370 19 302 186 291 445 382 89 132 414 439 52 420 200 117 139
0: 1
1: 0 2 12
2: 1 3
3: 2 14
4: 5 15
5: 4 6
6: 5 7
7: 6 18
8: 19
9: 10 20
10: 9 21
11: 12
12: 1 11 13 23
13: 12
14: 3 25
15: 4 16
16: 15 27
17: 28
18: 7 29
19: 8 30
20: 9
21: 10 32
22: 33
23: 12 24
24: 23
25: 14 26
26: 25 27 37
27: 16 26
28: 17 39
29: 18 40
30: 19 31 41
31: 30 32
32: 21 31 43
33: 22 44
34: 35
35: 34 36
36: 35 47
37: 26 38 48
38: 37
39: 28 50
40: 29 41 51
41: 30 40 42
42: 41
43: 32 54
44: 33 55
45: 46 56
46: 45 47
47: 36 46 58
48: 37 49 59
49: 48 60
50: 39 51 61
51: 40 50 62
52: 53
53: 52 54
54: 43 53
55: 44 56
56: 45 55 57 67
57: 56
58: 47 69
59: 48
60: 49 71
61: 50
62: 51 63
63: 62 74
64: 65 75
65: 64
66: 77
67: 56
68: 79
69: 58 80
70: 71 81
71: 60 70
72: 73 83
73: 72
74: 63 75
75: 64 74 76 86
76: 75
77: 66 78 88
78: 77 79
79: 68 78
80: 69 91
81: 70
82: 93
83: 72 84
84: 83 85 95
85: 84
86: 75
87: 98
88: 77 89 99
89: 88 90
90: 89 91 101
91: 80 90 92 102
92: 91 93 103
93: 82 92 94
94: 93 95
95: 84 94
96: 97
97: 96 98 108
98: 87 97
99: 88 100 110
100: 99
101: 90 112
102: 91 113
103: 92 104
104: 103 105
105: 104 106
106: 105 107
107: 106 118
108: 97 109 119
109: 108 120
110: 99
111: 112
112: 101 111
113: 102 114
114: 113 115
115: 114
116: 117
117: 116 118
118: 107 117 119
119: 108 118
120: 109