121 5

4 95 98 51 1 31 97 27 32 53 22 57 78 70 20 77 79 13 99 17 41 48 22 51 5 88 22 56 14 96 23 81 7 60 70 49 78 15 72 35 54 32 45 4 22 91 94 78 89 23 100 21 6 11 63 22 69 81 100 33 32 21 90 32 72 34 78 9 34 9 98 64 39 53 40 23 96 59 5 76 25 43 26 78 75 49 77 53 99 33 85 63 55 23 28 28 90 38 12 32 99 85 67 72 8 96 31 66 78 65 75 83 14 24 76 13 48 61 65 32 53
0: 1
1: 0 12
2: 13
3: 4
4: 3 5 15
5: 4 16
6: 7
7: 6 8
8: 7 9 19
9: 8 10
10: 9 21
11: 22
12: 1 13 23
13: 2 12 14
14: 13 15
15: 4 14 26
16: 5 17
17: 16 18
18: 17
19: 8
20: 21
21: 10 20 32
22: 11 33
23: 12 24
24: 23 35
25: 36
26: 15 37
27: 28
28: 27 39
29: 30
30: 29 31
31: 30 42
32: 21 43
33: 22 34 44
34: 33 45
35: 24 46
36: 25 47
37: 26 38 48
38: 37 49
39: 28 50
40: 51
41: 42 52
42: 31 41 43
43: 32 42 54
44: 33
45: 34 56
46: 35 47
47: 36 46 58
48: 37
49: 38 50
50: 39 49
51: 40 52
52: 41 51 63
53: 54 64
54: 43 53
55: 56
56: 45 55
57: 68
58: 47
59: 60
60: 59 61 71
61: 60 62
62: 61
63: 52 74
64: 53 65
65: 64 76
66: 77
67: 68
68: 57 67 79
69: 70 80
70: 69
71: 60 72 82
72: 71
73: 74
74: 63 73 75
75: 74 86
76: 65 87
77: 66 78 88
78: 77 79
79: 68 78
80: 69 91
81: 92
82: 71 93
83: 94
84: 95
85: 96
86: 75 97
87: 76
88: 77 89
89: 88 90
90: 89 101
91: 80 92
92: 81 91 93
93: 82 92 94
94: 83 93
95: 84 96 106
96: 85 95
97: 86 98 108
98: 97
99: 100 110
100: 99 101
101: 90 100 102
102: 101 103
103: 102 114
104: 105
105: 104 106 116
106: 95 105
107: 108
108: 97 107 109
109: 108 120
110: 99
111: 112
112: 111 113
113: 112 114
114: 103 113 115
115: 114 116
116: 105 115 117
117: 116
118: 119
119: 118 120
120: 109 119