121 5

99 83 35 31 54 23 92 33 7 5 92 69 71 78 19 14 34 28 69 99 41 13 45 60 16 43 76 21 17 16 65 41 91 58 42 81 75 48 79 10 67 70 100 55 72 15 9 30 68 66 60 57 43 98 82 96 91 94 9 29 91 27 15 83 9 11 59 90 84 35 59 100 20 44 23 69 61 12 60 94 97 42 2 42 19 15 34 83 70 61 46 63 94 37 8 45 79 90 85 22 71 1 70 68 31 63 4 54 42 69 59 42 90 13 96 48 61 17 42 92 28
0: 1 11
1: 0
2: 3
3: 2 4
4: 3 5 15
5: 4 6
6: 5 7
7: 6
8: 19
9: 20
10: 21
11: 0 12
12: 11 13 23
13: 12 14 24
14: 13 15
15: 4 14 26
16: 17 27
17: 16 18
18: 17 29
19: 8 20
20: 9 19 21 31
21: 10 20 32
22: 33
23: 12
24: 13
25: 26
26: 15 25 27 37
27: 16 26 28
28: 27
29: 18
30: 31 41
31: 20 30
32: 21
33: 22 44
34: 35 45
35: 34 46
36: 37
37: 26 36 38
38: 37 39
39: 38
40: 41
41: 30 40 52
42: 53
43: 54
44: 33 55
45: 34
46: 35 47
47: 46 48
48: 47 49 59
49: 48 60
50: 51
51: 50 52
52: 41 51 53
53: 42 52 54 64
54: 43 53
55: 44 56
56: 55 57
57: 56 68
58: 59 69
59: 48 58 70
60: 49 61 71
61: 60 72
62: 63 73
63: 62
64: 53
65: 76
66: 67 77
67: 66 68 78
68: 57 67
69: 58 80
70: 59
71: 60
72: 61
73: 62 74
74: 73 75 85
75: 74
76: 65 87
77: 66 88
78: 67
79: 90
80: 69 81
81: 80 82 92
82: 81 83
83: 82 94
84: 85 95
85: 74 84
86: 87
87: 76 86 98
88: 77 89 99
89: 88 90 100
90: 79 89 91
91: 90
92: 81 93
93: 92 104
94: 83 95
95: 84 94
96: 97 107
97: 96 98
98: 87 97 109
99: 88 110
100: 89 101 111
101: 100 102 112
102: 101
103: 114
104: 93
105: 106 116
106: 105
107: 96 108 118
108: 107
109: 98 120
110: 99
111: 100
112: 101 113
113: 112
114: 103 115
115: 114 116
116: 105 115 117
117: 116 118
118: 107 117 119
119: 118
120: 109