121 5

175 199 306 134 493 401 429 209 402 200 270 259 40 15 255 14 166 300 347 239 17 151 200 280 392 122 219 455 353 63 341 459 34 201 118 298 397 303 357 110 140 163 89 118 103 420 82 390 231 48 470 299 96 473 211 411 80 357 338 215 296 206 153 62 118 388 200 378 119 214 462 25 352 423 122 50 398 145 138 118 170 107 322 387 216 393 283 37 319 9 285 179 485 446 157 427 85 107 424 200 74 77 114 367 341 80 498 275 176 495 400 480 52 81 490 113 301 373 225 464 156
0: 1 11
1: 0 2
2: 1 3 13
3: 2
4: 5
5: 4 6
6: 5 7 17
7: 6 8 18
8: 7 9 19
9: 8 10
10: 9
11: 0
12: 13 23
13: 2 12
14: 15
15: 14 16 26
16: 15 27
17: 6
18: 7
19: 8 30
20: 21
21: 20 32
22: 33
23: 12 24 34
24: 23 25
25: 24 26
26: 15 25
27: 16 28
28: 27
29: 30
30: 19 29 31 41
31: 30 32 42
32: 21 31 43
33: 22 34 44
34: 23 33 45
35: 36
36: 35 37 47
37: 36 38 48
38: 37 39
39: 38 40 50
40: 39
41: 30
42: 31 53
43: 32 54
44: 33 55
45: 34 56
46: 47
47: 36 46 58
48: 37 49 59
49: 48
50: 39
51: 52 62
52: 51 63
53: 42
54: 43 65
55: 44
56: 45 57 67
57: 56
58: 47
59: 48 70
60: 71
61: 72
62: 51 73
63: 52
64: 65
65: 54 64
66: 67
67: 56 66
68: 69
69: 68 80
70: 59 71
71: 60 70 72
72: 61 71 73
73: 62 72
74: 85
75: 76 86
76: 75 87
77: 78 88
78: 77 79 89
79: 78 80
80: 69 79
81: 92
82: 83
83: 82 84
84: 83 85 95
85: 74 84 86 96
86: 75 85
87: 76
88: 77 99
89: 78 90
90: 89 91 101
91: 90 92
92: 81 91 93 103
93: 92 94
94: 93
95: 84 106
96: 85
97: 98
98: 97 109
99: 88 100 110
100: 99
101: 90 102 112
102: 101
103: 92 114
104: 105 115
105: 104
106: 95 117
107: 108
108: 107 109 119
109: 98 108 120
110: 99
111: 112
112: 101 111
113: 114
114: 103 113 115
115: 104 114 116
116: 115
117: 106 118
118: 117 119
119: 108 118
120: 109