121 3

27 82 52 58 3 18 45 40 24 23 55 96 38 53 88 52 82 76 56 25 53 44 86 80 95 41 48 21 68 58 68 68 6 98 92 90 70 86 25 85 21 98 55 14 24 41 56 33 28 77 51 68 74 83 36 81 73 29 49 7 99 56 15 45 92 44 50 100 33 14 40 72 15 23 43 17 90 68 86 13 74 1 71 75 53 18 36 89 63 55 65 70 95 2 2 17 4 64 42 36 25 95 43 28 46 61 52 37 61 27 52 49 14 86 67 56 61 2 68 48 56
0: 1 11
1: 0 2
2: 1 3 13
3: 2 4
4: 3 5
5: 4 6 16
6: 5 17
7: 18
8: 9 19
9: 8 10
10: 9 21
11: 0 12 22
12: 11
13: 2 14 24
14: 13
15: 26
16: 5 27
17: 6 18
18: 7 17 19
19: 8 18 20
20: 19
21: 10
22: 11 33
23: 34
24: 13 25
25: 24
26: 15 37
27: 16 28
28: 27 29
29: 28
30: 31 41
31: 30
32: 43
33: 22 34
34: 23 33 35
35: 34
36: 37
37: 26 36 38
38: 37 39 49
39: 38 40 50
40: 39
41: 30 42
42: 41 43 53
43: 32 42
44: 55
45: 56
46: 57
47: 48
48: 47 49 59
49: 38 48
50: 39 61
51: 62
52: 53 63
53: 42 52 54 64
54: 53 65
55: 44 66
56: 45 57 67
57: 46 56 58 68
58: 57
59: 48 60
60: 59
61: 50 72
62: 51 63 73
63: 52 62
64: 53 75
65: 54
66: 55 77
67: 56 78
68: 57 69
69: 68 70 80
70: 69 81
71: 82
72: 61 73 83
73: 62 72
74: 85
75: 64 76 86
76: 75
77: 66 78 88
78: 67 77 89
79: 80 90
80: 69 79
81: 70
82: 71 83
83: 72 82 84 94
84: 83 85
85: 74 84
86: 75 97
87: 98
88: 77
89: 78 100
90: 79
91: 102
92: 103
93: 94
94: 83 93 95
95: 94
96: 97
97: 86 96 98
98: 87 97
99: 100
100: 89 99 101
101: 100 112
102: 91 103 113
103: 92 102 104 114
104: 103 105 115
105: 104 106
106: 105 117
107: 118
108: 109
109: 108 120
110: 111
111: 110 112
112: 101 111 113
113: 102 112
114: 103
115: 104
116: 117
117: 106 116 118
118: 107 117 119
119: 118 120
120: 109 119