121 3

139 186 84 229 180 372 407 459 190 217 362 289 250 295 346 236 485 404 394 357 230 372 366 65 391 87 376 186 376 352 397 307 442 348 388 445 57 384 223 115 436 299 31 222 38 464 336 390 473 214 39 370 458 385 294 108 279 426 414 61 107 216 131 91 179 92 381 21 453 421 339 118 455 441 20 417 342 439 353 110 123 32 499 95 61 126 286 366 327 34 252 119 132 48 397 49 69 282 17 143 278 370 231 378 35 260 423 362 498 458 352 212 473 455 351 341 23 348 437 357 18
0: 1 11
1: 0
2: 3 13
3: 2
4: 15
5: 6 16
6: 5 7
7: 6 8 18
8: 7 9
9: 8 20
10: 21
11: 0 12
12: 11 13
13: 2 12 24
14: 15
15: 4 14 16
16: 5 15
17: 18 28
18: 7 17 19
19: 18 30
20: 9 21
21: 10 20 32
22: 23 33
23: 22 24
24: 13 23 25
25: 24 26 36
26: 25
27: 38
28: 17
29: 30 40
30: 19 29 41
31: 42
32: 21
33: 22 34
34: 33 45
35: 36
36: 25 35 47
37: 38
38: 27 37 49
39: 50
40: 29 51
41: 30
42: 31 43 53
43: 42
44: 55
45: 34 46
46: 45 57
47: 36 48
48: 47
49: 38 50
50: 39 49 51 61
51: 40 50 52
52: 51 53
53: 42 52 54
54: 53 65
55: 44 66
56: 57
57: 46 56 68
58: 69
59: 60 70
60: 59
61: 50
62: 63
63: 62 74
64: 75
65: 54
66: 55 67 77
67: 66
68: 57 69 79
69: 58 68 70 80
70: 59 69
71: 72 82
72: 71 73
73: 72 74
74: 63 73 75
75: 64 74 76 86
76: 75
77: 66 78
78: 77 79
79: 68 78 90
80: 69 81 91
81: 80
82: 71 83 93
83: 82 84 94
84: 83 85
85: 84 96
86: 75 87
87: 86 98
88: 89 99
89: 88 100
90: 79
91: 80
92: 93
93: 82 92 104
94: 83 95 105
95: 94 106
96: 85 97
97: 96 108
98: 87 109
99: 88
100: 89 101
101: 100 102 112
102: 101 103
103: 102 114
104: 93 115
105: 94 116
106: 95
107: 118
108: 97 119
109: 98
110: 111
111: 110 112
112: 101 111
113: 114
114: 103 113 115
115: 104 114
116: 105
117: 118
118: 107 117 119
119: 108 118 120
120: 119