121 5

58 84 1 49 20 52 44 72 16 47 41 68 5 24 22 52 82 34 60 42 54 95 44 70 14 60 58 38 71 51 59 75 69 67 62 76 28 47 38 83 76 85 85 15 1 7 17 8 81 38 40 49 30 97 77 88 61 54 60 100 67 65 58 89 39 38 94 69 80 93 69 81 81 29 23 82 83 10 19 100 15 30 20 29 76 36 32 19 70 72 49 86 8 40 2 9 37 8 79 18 60 9 95 27 52 48 87 67 44 13 59 25 13 14 12 21 99 95 28 64 70
0: 11
1: 2
2: 1 3
3: 2 4
4: 3 5 15
5: 4 16
6: 7
7: 6 18
8: 9 19
9: 8
10: 21
11: 0 12 22
12: 11 13 23
13: 12
14: 25
15: 4 26
16: 5 17 27
17: 16
18: 7 19
19: 8 18 20 30
20: 19 21 31
21: 10 20
22: 11 33
23: 12 34
24: 25
25: 14 24 26 36
26: 15 25 37
27: 16 28
28: 27 29
29: 28
30: 19 41
31: 20
32: 43
33: 22
34: 23 35 45
35: 34 36
36: 25 35
37: 26
38: 39
39: 38 50
40: 41
41: 30 40 42
42: 41 43 53
43: 32 42 54
44: 55
45: 34 46
46: 45
47: 48 58
48: 47 49
49: 48 60
50: 39 51 61
51: 50 62
52: 53 63
53: 42 52 64
54: 43
55: 44 56
56: 55 57 67
57: 56
58: 47
59: 60 70
60: 49 59 61
61: 50 60
62: 51 73
63: 52
64: 53 65
65: 64
66: 77
67: 56 68 78
68: 67 69
69: 68
70: 59 71
71: 70 72 82
72: 71
73: 62
74: 75 85
75: 74 76
76: 75
77: 66 78 88
78: 67 77 89
79: 80
80: 79 81
81: 80 92
82: 71
83: 84
84: 83 85 95
85: 74 84 96
86: 87 97
87: 86 98
88: 77
89: 78 100
90: 101
91: 92
92: 81 91 93
93: 92 94
94: 93 95
95: 84 94 106
96: 85 107
97: 86 108
98: 87
99: 110
100: 89 101 111
101: 90 100 102 112
102: 101 103
103: 102 104 114
104: 103 115
105: 106
106: 95 105 117
107: 96 108
108: 97 107 109 119
109: 108
110: 99 111
111: 100 110
112: 101
113: 114
114: 103 113
115: 104 116
116: 115
117: 106 118
118: 117
119: 108 120
120: 119