100 2

39 1 74 37 76 5 57 78 62 51 33 61 42 99 75 23 27 41 23 9 39 67 57 83 58 62 25 55 85 1 64 53 3 79 16 51 81 66 35 44 86 20 62 98 28 39 92 19 92 61 72 31 60 76 33 33 51 39 20 15 24 81 69 50 96 96 86 17 57 42 33 54 25 28 60 70 46 97 99 87 3 50 13 32 29 48 11 64 57 9 88 23 93 18 50 75 93 34 36 37
0: 1 10
1: 0 2 11
2: 1 3
3: 2 13
4: 5
5: 4 6 15
6: 5
7: 17
8: 18
9: 19
10: 0 20
11: 1 12
12: 11 22
13: 3
14: 15
15: 5 14 16 25
16: 15 17 26
17: 7 16 18
18: 8 17 19
19: 9 18 29
20: 10 21 30
21: 20
22: 12 23 32
23: 22
24: 34
25: 15
26: 16 27 36
27: 26
28: 29
29: 19 28 39
30: 20
31: 32 41
32: 22 31 33 42
33: 32 34
34: 24 33 35 44
35: 34
36: 26
37: 38 47
38: 37 39
39: 29 38
40: 41
41: 31 40 51
42: 32
43: 44
44: 34 43 45 54
45: 44
46: 47
47: 37 46 48 57
48: 47
49: 59
50: 51 60
51: 41 50 52
52: 51
53: 54
54: 44 53 55 64
55: 54 56 65
56: 55 57
57: 47 56 58 67
58: 57 59
59: 49 58 69
60: 50 61 70
61: 60
62: 72
63: 73
64: 54
65: 55
66: 67
67: 57 66 68 77
68: 67 78
69: 59
70: 60 80
71: 72
72: 62 71 73 82
73: 63 72 74
74: 73
75: 76
76: 75 86
77: 67
78: 68
79: 89
80: 70 81 90
81: 80 82 91
82: 72 81 83 92
83: 82 84 93
84: 83 85
85: 84 86 95
86: 76 85 87 96
87: 86 97
88: 89
89: 79 88 99
90: 80
91: 81
92: 82
93: 83 94
94: 93
95: 85
96: 86
97: 87 98
98: 97 99
99: 89 98